#Layer_Color=16711935
#
#Feature symbol names
#
$0 r3.937

#
#Feature attribute names
#

#
#Layer features
#
A 1.1124016 0.3309055 1.1124016 0.3309055 1.0927166 0.3309055 0 P 0 N
L 0.0011808 1.2283463 0.0011808 2.6602362 0 P 0
L 0.0011808 1.2283463 1.8779525 1.2283465 0 P 0
L 0.0011808 2.6602362 1.8779525 2.6602364 0 P 0
L 0.6177162 1.0472439 0.6177162 1.0787399 0 P 0
L 0.6177162 1.0472439 0.6807084 1.0472439 0 P 0
L 0.6177162 1.0787399 0.6807084 1.0787399 0 P 0
L 0.6807084 1.0472439 0.6807084 1.0787399 0 P 0
L 0.7354327 1.0472438 0.7354327 1.0787398 0 P 0
L 0.7354327 1.0472438 0.7984249 1.0472438 0 P 0
L 0.7354327 1.0787398 0.7984249 1.0787398 0 P 0
L 0.7984249 1.0472438 0.7984249 1.0787398 0 P 0
L 0.8078739 0.2314963 0.8078739 0.2629923 0 P 0
L 0.8078739 0.2314963 0.8708661 0.2314963 0 P 0
L 0.8078739 0.2629923 0.8708661 0.2629923 0 P 0
L 0.8078739 0.2944884 0.8078739 0.3259844 0 P 0
L 0.8078739 0.2944884 0.8708661 0.2944884 0 P 0
L 0.8078739 0.3259844 0.8708661 0.3259844 0 P 0
L 0.8082676 0.464567 0.8082676 0.496063 0 P 0
L 0.8082676 0.464567 0.8712598 0.464567 0 P 0
L 0.8082676 0.496063 0.8712598 0.496063 0 P 0
L 0.8082676 0.5275592 0.8082676 0.5590552 0 P 0
L 0.8082676 0.5275592 0.8712598 0.5275592 0 P 0
L 0.8082676 0.5590552 0.8712598 0.5590552 0 P 0
L 0.8283462 1.1220469 0.8283462 1.1850391 0 P 0
L 0.8283462 1.1220469 0.8598422 1.1220469 0 P 0
L 0.8283462 1.1850391 0.8598422 1.1850391 0 P 0
L 0.841732 0.8779525 0.841732 0.9409447 0 P 0
L 0.841732 0.8779525 0.873228 0.8779525 0 P 0
L 0.841732 0.9409447 0.873228 0.9409447 0 P 0
L 0.8417323 0.6968503 0.8417323 0.7598425 0 P 0
L 0.8417323 0.6968503 0.8732283 0.6968503 0 P 0
L 0.8417323 0.7598425 0.8732283 0.7598425 0 P 0
L 0.8535429 0.8031494 0.8535429 0.8346454 0 P 0
L 0.8535429 0.8031494 0.9165351 0.8031494 0 P 0
L 0.8535429 0.8346454 0.9165351 0.8346454 0 P 0
L 0.8535429 1.0472438 0.8535429 1.0787398 0 P 0
L 0.8535429 1.0472438 0.9165351 1.0472438 0 P 0
L 0.8535429 1.0787398 0.9165351 1.0787398 0 P 0
L 0.853543 0.9842517 0.853543 1.0157477 0 P 0
L 0.853543 0.9842517 0.9165352 0.9842517 0 P 0
L 0.853543 1.0157477 0.9165352 1.0157477 0 P 0
L 0.8598422 1.1220469 0.8598422 1.1850391 0 P 0
L 0.8708661 0.2314963 0.8708661 0.2629923 0 P 0
L 0.8708661 0.2944884 0.8708661 0.3259844 0 P 0
L 0.8712598 0.464567 0.8712598 0.496063 0 P 0
L 0.8712598 0.5275592 0.8712598 0.5590552 0 P 0
L 0.873228 0.8779525 0.873228 0.9409447 0 P 0
L 0.8732283 0.6968503 0.8732283 0.7598425 0 P 0
L 0.9165351 0.8031494 0.9165351 0.8346454 0 P 0
L 0.9165351 1.0472438 0.9165351 1.0787398 0 P 0
L 0.9165352 0.9842517 0.9165352 1.0157477 0 P 0
L 0.9253938 0.2954724 0.9253938 0.4982283 0 P 0
L 0.9253938 0.2954724 1.1281497 0.2954724 0 P 0
L 0.9253938 0.4982283 1.1281497 0.4982283 0 P 0
L 0.9720469 0.9842517 0.9720469 1.0157477 0 P 0
L 0.9720469 0.9842517 1.0350391 0.9842517 0 P 0
L 0.9720469 1.0157477 1.0350391 1.0157477 0 P 0
L 0.9720469 1.0472438 0.9720469 1.0787398 0 P 0
L 0.9720469 1.0472438 1.0350391 1.0472438 0 P 0
L 0.9720469 1.0787398 1.0350391 1.0787398 0 P 0
L 0.972047 0.8031494 0.972047 0.8346454 0 P 0
L 0.972047 0.8031494 1.0350392 0.8031494 0 P 0
L 0.972047 0.8346454 1.0350392 0.8346454 0 P 0
L 1.0153541 0.6968501 1.0153541 0.7598423 0 P 0
L 1.0153541 0.6968501 1.0468501 0.6968501 0 P 0
L 1.0153541 0.7598423 1.0468501 0.7598423 0 P 0
L 1.0153541 0.8779525 1.0153541 0.9409447 0 P 0
L 1.0153541 0.8779525 1.0468501 0.8779525 0 P 0
L 1.0153541 0.9409447 1.0468501 0.9409447 0 P 0
L 1.0291336 1.1220469 1.0291336 1.1850391 0 P 0
L 1.0291336 1.1220469 1.0606296 1.1220469 0 P 0
L 1.0291336 1.1850391 1.0606296 1.1850391 0 P 0
L 1.0350391 0.9842517 1.0350391 1.0157477 0 P 0
L 1.0350391 1.0472438 1.0350391 1.0787398 0 P 0
L 1.0350392 0.8031494 1.0350392 0.8346454 0 P 0
L 1.0468501 0.6968501 1.0468501 0.7598423 0 P 0
L 1.0468501 0.8779525 1.0468501 0.9409447 0 P 0
L 1.0570866 0.1783464 1.0570866 0.2413386 0 P 0
L 1.0570866 0.1783464 1.0885826 0.1783464 0 P 0
L 1.0570866 0.2413386 1.0885826 0.2413386 0 P 0
L 1.0606296 1.1220469 1.0606296 1.1850391 0 P 0
L 1.0854329 0.5468504 1.0854329 0.5783464 0 P 0
L 1.0854329 0.5468504 1.1484251 0.5468504 0 P 0
L 1.0854329 0.5783464 1.1484251 0.5783464 0 P 0
L 1.0854329 0.6098425 1.0854329 0.6413385 0 P 0
L 1.0854329 0.6098425 1.1484251 0.6098425 0 P 0
L 1.0854329 0.6413385 1.1484251 0.6413385 0 P 0
L 1.0885826 0.1783464 1.0885826 0.2413386 0 P 0
L 1.0901571 1.0472438 1.0901571 1.0787398 0 P 0
L 1.0901571 1.0472438 1.1531493 1.0472438 0 P 0
L 1.0901571 1.0787398 1.1531493 1.0787398 0 P 0
L 1.1200787 0.1783463 1.1200787 0.2413385 0 P 0
L 1.1200787 0.1783463 1.1515747 0.1783463 0 P 0
L 1.1200787 0.2413385 1.1515747 0.2413385 0 P 0
L 1.1281497 0.2954724 1.1281497 0.4982283 0 P 0
L 1.1484251 0.5468504 1.1484251 0.5783464 0 P 0
L 1.1484251 0.6098425 1.1484251 0.6413385 0 P 0
L 1.1515747 0.1783463 1.1515747 0.2413385 0 P 0
L 1.1531493 1.0472438 1.1531493 1.0787398 0 P 0
L 1.1826771 0.4208661 1.1826771 0.4523621 0 P 0
L 1.1826771 0.4208661 1.2456693 0.4208661 0 P 0
L 1.1826771 0.4523621 1.2456693 0.4523621 0 P 0
L 1.1826771 0.4838582 1.1826771 0.5153542 0 P 0
L 1.1826771 0.4838582 1.2456693 0.4838582 0 P 0
L 1.1826771 0.5153542 1.2456693 0.5153542 0 P 0
L 1.1850392 0.2574803 1.1850392 0.3244095 0 P 0
L 1.1850392 0.2574803 1.2677164 0.2574803 0 P 0
L 1.1850392 0.3244095 1.2677164 0.3244095 0 P 0
L 1.1948818 0.1925197 1.1948818 0.2240157 0 P 0
L 1.1948818 0.1925197 1.257874 0.1925197 0 P 0
L 1.1948818 0.2240157 1.257874 0.2240157 0 P 0
L 1.2031495 0.357874 1.2031495 0.38937 0 P 0
L 1.2031495 0.357874 1.2661417 0.357874 0 P 0
L 1.2031495 0.38937 1.2661417 0.38937 0 P 0
L 1.2035432 0.5468504 1.2035432 0.5783464 0 P 0
L 1.2035432 0.5468504 1.2665354 0.5468504 0 P 0
L 1.2035432 0.5783464 1.2665354 0.5783464 0 P 0
L 1.2035433 0.6098425 1.2035433 0.6413385 0 P 0
L 1.2035433 0.6098425 1.2665355 0.6098425 0 P 0
L 1.2035433 0.6413385 1.2665355 0.6413385 0 P 0
L 1.2078737 1.0472439 1.2078737 1.0787399 0 P 0
L 1.2078737 1.0472439 1.2708659 1.0472439 0 P 0
L 1.2078737 1.0787399 1.2708659 1.0787399 0 P 0
L 1.2456693 0.4208661 1.2456693 0.4523621 0 P 0
L 1.2456693 0.4838582 1.2456693 0.5153542 0 P 0
L 1.257874 0.1925197 1.257874 0.2240157 0 P 0
L 1.2661417 0.357874 1.2661417 0.38937 0 P 0
L 1.2665354 0.5468504 1.2665354 0.5783464 0 P 0
L 1.2665355 0.6098425 1.2665355 0.6413385 0 P 0
L 1.2677164 0.2574803 1.2677164 0.3244095 0 P 0
L 1.2708659 1.0472439 1.2708659 1.0787399 0 P 0
L 1.3007873 0.4208661 1.3007873 0.4523621 0 P 0
L 1.3007873 0.4208661 1.3637795 0.4208661 0 P 0
L 1.3007873 0.4523621 1.3637795 0.4523621 0 P 0
L 1.3007874 0.4838582 1.3007874 0.5153542 0 P 0
L 1.3007874 0.4838582 1.3637796 0.4838582 0 P 0
L 1.3007874 0.5153542 1.3637796 0.5153542 0 P 0
L 1.312992 0.2322834 1.312992 0.2637794 0 P 0
L 1.312992 0.2322834 1.3759842 0.2322834 0 P 0
L 1.312992 0.2637794 1.3759842 0.2637794 0 P 0
L 1.312992 0.2952756 1.312992 0.3267716 0 P 0
L 1.312992 0.2952756 1.3759842 0.2952756 0 P 0
L 1.312992 0.3267716 1.3759842 0.3267716 0 P 0
L 1.3212597 0.357874 1.3212597 0.38937 0 P 0
L 1.3212597 0.357874 1.3842519 0.357874 0 P 0
L 1.3212597 0.38937 1.3842519 0.38937 0 P 0
L 1.3637795 0.4208661 1.3637795 0.4523621 0 P 0
L 1.3637796 0.4838582 1.3637796 0.5153542 0 P 0
L 1.3759842 0.2322834 1.3759842 0.2637794 0 P 0
L 1.3759842 0.2952756 1.3759842 0.3267716 0 P 0
L 1.3842519 0.357874 1.3842519 0.38937 0 P 0
L 1.5755905 0.5255905 1.5755905 0.5885827 0 P 0
L 1.5755905 0.5255905 1.6070865 0.5255905 0 P 0
L 1.5755905 0.5885827 1.6070865 0.5885827 0 P 0
L 1.5834644 0.6944882 1.5834644 0.7259842 0 P 0
L 1.5834644 0.6944882 1.6464566 0.6944882 0 P 0
L 1.5834644 0.7259842 1.6464566 0.7259842 0 P 0
L 1.6070865 0.5255905 1.6070865 0.5885827 0 P 0
L 1.6385827 0.5255905 1.6385827 0.5885827 0 P 0
L 1.6385827 0.5255905 1.6700787 0.5255905 0 P 0
L 1.6385827 0.5885827 1.6700787 0.5885827 0 P 0
L 1.6464566 0.6944882 1.6464566 0.7259842 0 P 0
L 1.6700787 0.5255905 1.6700787 0.5885827 0 P 0
L 1.6897638 0.651181 1.6897638 0.7141732 0 P 0
L 1.6897638 0.651181 1.7212598 0.651181 0 P 0
L 1.6897638 0.7141732 1.7212598 0.7141732 0 P 0
L 1.7212598 0.651181 1.7212598 0.7141732 0 P 0
L 1.8779525 1.2283465 1.8779525 2.6602364 0 P 0
