#Layer_Color=9474304
#
#Feature symbol names
#
$0 r5
$1 r6.6666

#
#Feature attribute names
#

#
#Layer features
#
A 0.9078817 2.534244 0.9078817 2.534244 0.8878817 2.534244 1 P 0 N
A 0.9078817 2.633496 0.9078817 2.633496 0.8878817 2.633496 1 P 0 N
A 0.9080392 1.3830236 0.9080392 1.3830236 0.8880392 1.3830236 1 P 0 N
A 0.9649683 1.3342834 0.9649683 1.3342834 0.9449683 1.3342834 1 P 0 N
A 0.9649683 1.4815669 0.9649683 1.4815669 0.9449683 1.4815669 1 P 0 N
A 1.0217006 2.4853858 1.0217006 2.4853858 1.0017006 2.4853858 1 P 0 N
A 1.0217006 2.5846377 1.0217006 2.5846377 1.0017006 2.5846377 1 P 0 N
A 1.0218581 1.4318818 1.0218581 1.4318818 1.0018581 1.4318818 1 P 0 N
L 0.3579527 0.1159843 0.3679527 0.1159843 0 P 0
L 0.3579527 0.1159843 0.3679527 0.1259843 0 P 0
L 0.3579527 0.1359843 0.3679527 0.1259843 0 P 0
L 0.3579527 0.1359843 0.3679527 0.1359843 0 P 0
L 0.3679527 0.1159843 0.3779527 0.1059843 0 P 0
L 0.3679527 0.1359843 0.3779527 0.1459843 0 P 0
L 0.3779527 0.1059843 0.3879527 0.1159843 0 P 0
L 0.3779527 0.1459843 0.3879527 0.1359843 0 P 0
L 0.3879527 0.1159843 0.3979527 0.1159843 0 P 0
L 0.3879527 0.1259843 0.3979527 0.1159843 0 P 0
L 0.3879527 0.1259843 0.3979527 0.1359843 0 P 0
L 0.3879527 0.1359843 0.3979527 0.1359843 0 P 0
L 0.6195935 1.0377001 0.6195935 1.0127082 0 P 0
L 0.6195935 1.0377001 0.6362548 1.0377001 0 P 0
L 0.6195935 1.062692 0.6195935 1.0377001 0 P 0
L 0.6362548 1.0377001 0.6195935 1.0377001 0 P 0
L 0.6529161 1.062692 0.6195935 1.062692 0 P 0
L 0.76498 0.3329072 0.76498 0.3079153 0 P 0
L 0.76498 0.3329072 0.7816413 0.3329072 0 P 0
L 0.76498 0.3578991 0.76498 0.3329072 0 P 0
L 0.7683408 0.5034572 0.7683408 0.4784653 0 P 0
L 0.7683408 0.5034572 0.7850021 0.5034572 0 P 0
L 0.7683408 0.5284491 0.7683408 0.5034572 0 P 0
L 0.7816413 0.3329072 0.76498 0.3329072 0 P 0
L 0.7850021 0.5034572 0.7683408 0.5034572 0 P 0
L 0.7983026 0.3578991 0.76498 0.3578991 0 P 0
L 0.8016634 0.5284491 0.7683408 0.5284491 0 P 0
L 0.8787402 0.4328659 0.8787402 0.407874 0 P 0
L 0.8787402 0.4328659 0.8954015 0.4328659 0 P 0
L 0.8787402 0.4578578 0.8787402 0.4328659 0 P 0
L 0.8954015 0.4328659 0.8787402 0.4328659 0 P 0
L 0.9120628 0.4578578 0.8787402 0.4578578 0 P 0
L 0.9122047 0.5529447 0.9122047 0.5279528 0 P 0
L 0.9122047 0.5529447 0.928866 0.5529447 0 P 0
L 0.9122047 0.5779366 0.9122047 0.5529447 0 P 0
L 0.9153135 0.9744993 0.9153135 0.9495074 0 P 0
L 0.9153135 0.9744993 0.9319748 0.9744993 0 P 0
L 0.9153135 0.9994912 0.9153135 0.9744993 0 P 0
L 0.928866 0.5529447 0.9122047 0.5529447 0 P 0
L 0.9319748 0.9744993 0.9153135 0.9744993 0 P 0
L 0.9385824 0.8046662 0.9385824 0.7796743 0 P 0
L 0.9385824 0.8046662 0.9552437 0.8046662 0 P 0
L 0.9385824 0.8296581 0.9385824 0.8046662 0 P 0
L 0.9455273 0.5779366 0.9122047 0.5779366 0 P 0
L 0.945669 1.1253854 0.945669 1.1003935 0 P 0
L 0.945669 1.1253854 0.9623303 1.1253854 0 P 0
L 0.945669 1.1503773 0.945669 1.1253854 0 P 0
L 0.9486361 0.9994912 0.9153135 0.9994912 0 P 0
L 0.9552437 0.8046662 0.9385824 0.8046662 0 P 0
L 0.9595276 0.3696063 0.9795276 0.3296063 0 P 0
L 0.9595276 0.3696063 0.9995276 0.3696063 0 P 0
L 0.9595276 0.4168504 0.9795276 0.3768504 0 P 0
L 0.9595276 0.4168504 0.9995276 0.4168504 0 P 0
L 0.9595276 0.4640945 0.9795276 0.4240945 0 P 0
L 0.9595276 0.4640945 0.9995276 0.4640945 0 P 0
L 0.9623303 1.1253854 0.945669 1.1253854 0 P 0
L 0.971905 0.8296581 0.9385824 0.8296581 0 P 0
L 0.9721491 0.9744569 0.9721491 0.949465 0 P 0
L 0.9721491 0.9744569 0.9888104 0.9744569 0 P 0
L 0.9721491 0.9994488 0.9721491 0.9744569 0 P 0
L 0.9789916 1.1503773 0.945669 1.1503773 0 P 0
L 0.9795276 0.3296063 0.9995276 0.3696063 0 P 0
L 0.9795276 0.3768504 0.9995276 0.4168504 0 P 0
L 0.9795276 0.4240945 0.9995276 0.4640945 0 P 0
L 0.9888104 0.9744569 0.9721491 0.9744569 0 P 0
L 0.9968504 0.5619998 0.9968504 0.5370079 0 P 0
L 0.9968504 0.5619998 1.0135117 0.5619998 0 P 0
L 0.9968504 0.5869917 0.9968504 0.5619998 0 P 0
L 1.0054717 0.9994488 0.9721491 0.9994488 0 P 0
L 1.0067717 0.3696063 1.0267717 0.3296063 0 P 0
L 1.0067717 0.3696063 1.0467717 0.3696063 0 P 0
L 1.0067717 0.4168504 1.0267717 0.3768504 0 P 0
L 1.0067717 0.4168504 1.0467717 0.4168504 0 P 0
L 1.0067717 0.4640945 1.0267717 0.4240945 0 P 0
L 1.0067717 0.4640945 1.0467717 0.4640945 0 P 0
L 1.0135117 0.5619998 0.9968504 0.5619998 0 P 0
L 1.0267717 0.3296063 1.0467717 0.3696063 0 P 0
L 1.0267717 0.3768504 1.0467717 0.4168504 0 P 0
L 1.0267717 0.4240945 1.0467717 0.4640945 0 P 0
L 1.030173 0.5869917 0.9968504 0.5869917 0 P 0
L 1.034252 0.2450706 1.034252 0.2200787 0 P 0
L 1.034252 0.2450706 1.0509133 0.2450706 0 P 0
L 1.034252 0.2700625 1.034252 0.2450706 0 P 0
L 1.0509133 0.2450706 1.034252 0.2450706 0 P 0
L 1.0540158 0.3696063 1.0740158 0.3296063 0 P 0
L 1.0540158 0.3696063 1.0940158 0.3696063 0 P 0
L 1.0540158 0.4168504 1.0740158 0.3768504 0 P 0
L 1.0540158 0.4168504 1.0940158 0.4168504 0 P 0
L 1.0540158 0.4640945 1.0740158 0.4240945 0 P 0
L 1.0540158 0.4640945 1.0940158 0.4640945 0 P 0
L 1.0675746 0.2700625 1.034252 0.2700625 0 P 0
L 1.0740158 0.3296063 1.0940158 0.3696063 0 P 0
L 1.0740158 0.3768504 1.0940158 0.4168504 0 P 0
L 1.0740158 0.4240945 1.0940158 0.4640945 0 P 0
L 1.1059056 0.174992 1.1059056 0.1500001 0 P 0
L 1.1059056 0.174992 1.1225669 0.174992 0 P 0
L 1.1059056 0.1999839 1.1059056 0.174992 0 P 0
L 1.1225669 0.174992 1.1059056 0.174992 0 P 0
L 1.1392282 0.1999839 1.1059056 0.1999839 0 P 0
L 1.1464566 0.6927085 1.1464566 0.6677166 0 P 0
L 1.1464566 0.6927085 1.1631179 0.6927085 0 P 0
L 1.1464566 0.7177004 1.1464566 0.6927085 0 P 0
L 1.1523622 0.5249919 1.1523622 0.5 0 P 0
L 1.1523622 0.5249919 1.1690235 0.5249919 0 P 0
L 1.1523622 0.5499838 1.1523622 0.5249919 0 P 0
L 1.1631179 0.6927085 1.1464566 0.6927085 0 P 0
L 1.1690235 0.5249919 1.1523622 0.5249919 0 P 0
L 1.1797792 0.7177004 1.1464566 0.7177004 0 P 0
L 1.1856848 0.5499838 1.1523622 0.5499838 0 P 0
L 1.2559055 0.1938895 1.2559055 0.1688976 0 P 0
L 1.2559055 0.1938895 1.2725668 0.1938895 0 P 0
L 1.2559055 0.2188814 1.2559055 0.1938895 0 P 0
L 1.2688976 0.4927084 1.2688976 0.4677165 0 P 0
L 1.2688976 0.4927084 1.2855589 0.4927084 0 P 0
L 1.2688976 0.5177003 1.2688976 0.4927084 0 P 0
L 1.2725668 0.1938895 1.2559055 0.1938895 0 P 0
L 1.2855589 0.4927084 1.2688976 0.4927084 0 P 0
L 1.2892281 0.2188814 1.2559055 0.2188814 0 P 0
L 1.3011811 0.6505824 1.3011811 0.6255905 0 P 0
L 1.3011811 0.6505824 1.3178424 0.6505824 0 P 0
L 1.3011811 0.6755743 1.3011811 0.6505824 0 P 0
L 1.3022202 0.5177003 1.2688976 0.5177003 0 P 0
L 1.3130971 1.0892625 1.3130971 1.0642706 0 P 0
L 1.3130971 1.0892625 1.3297584 1.0892625 0 P 0
L 1.3130971 1.1142544 1.3130971 1.0892625 0 P 0
L 1.3178424 0.6505824 1.3011811 0.6505824 0 P 0
L 1.3297584 1.0892625 1.3130971 1.0892625 0 P 0
L 1.3345037 0.6755743 1.3011811 0.6755743 0 P 0
L 1.3464197 1.1142544 1.3130971 1.1142544 0 P 0
L 1.3614173 0.5706612 1.3614173 0.5456693 0 P 0
L 1.3614173 0.5706612 1.3780786 0.5706612 0 P 0
L 1.3614173 0.5956531 1.3614173 0.5706612 0 P 0
L 1.3780786 0.5706612 1.3614173 0.5706612 0 P 0
L 1.3947399 0.5956531 1.3614173 0.5956531 0 P 0
L 1.4047244 0.4994013 1.4047244 0.4744094 0 P 0
L 1.4047244 0.4994013 1.4213857 0.4994013 0 P 0
L 1.4047244 0.5243932 1.4047244 0.4994013 0 P 0
L 1.4141732 0.3360155 1.4141732 0.3110236 0 P 0
L 1.4141732 0.3360155 1.4308345 0.3360155 0 P 0
L 1.4141732 0.3610074 1.4141732 0.3360155 0 P 0
L 1.415748 0.4560943 1.415748 0.4311024 0 P 0
L 1.415748 0.4560943 1.4324093 0.4560943 0 P 0
L 1.415748 0.4810862 1.415748 0.4560943 0 P 0
L 1.4213857 0.4994013 1.4047244 0.4994013 0 P 0
L 1.4308345 0.3360155 1.4141732 0.3360155 0 P 0
L 1.4324093 0.4560943 1.415748 0.4560943 0 P 0
L 1.438047 0.5243932 1.4047244 0.5243932 0 P 0
L 1.4474958 0.3610074 1.4141732 0.3610074 0 P 0
L 1.4490706 0.4810862 1.415748 0.4810862 0 P 0
L 1.491811 0.1159843 1.501811 0.1159843 0 P 0
L 1.491811 0.1159843 1.501811 0.1259843 0 P 0
L 1.491811 0.1359843 1.501811 0.1259843 0 P 0
L 1.491811 0.1359843 1.501811 0.1359843 0 P 0
L 1.501811 0.1159843 1.511811 0.1059843 0 P 0
L 1.501811 0.1359843 1.511811 0.1459843 0 P 0
L 1.511811 0.1059843 1.521811 0.1159843 0 P 0
L 1.511811 0.1459843 1.521811 0.1359843 0 P 0
L 1.521811 0.1159843 1.531811 0.1159843 0 P 0
L 1.521811 0.1259843 1.531811 0.1159843 0 P 0
L 1.521811 0.1259843 1.531811 0.1359843 0 P 0
L 1.521811 0.1359843 1.531811 0.1359843 0 P 0
L 1.7035433 0.6324722 1.7035433 0.6074803 0 P 0
L 1.7035433 0.6324722 1.7202046 0.6324722 0 P 0
L 1.7035433 0.6574641 1.7035433 0.6324722 0 P 0
L 1.7202046 0.6324722 1.7035433 0.6324722 0 P 0
L 1.7368659 0.6574641 1.7035433 0.6574641 0 P 0
L 1.8110236 0.0823463 1.8193542 0.0740157 0 P 0
L 1.8110236 0.1156689 1.8110236 0.0823463 0 P 0
L 1.8110236 0.1823463 1.8193542 0.1740157 0 P 0
L 1.8110236 0.2156689 1.8110236 0.1823463 0 P 0
L 1.8110236 0.2823463 1.8193542 0.2740157 0 P 0
L 1.8110236 0.3156689 1.8110236 0.2823463 0 P 0
L 1.8110236 0.3823463 1.8193542 0.3740157 0 P 0
L 1.8110236 0.4156689 1.8110236 0.3823463 0 P 0
L 1.8193542 0.0740157 1.8360155 0.0740157 0 P 0
L 1.8193542 0.1239995 1.8110236 0.1156689 0 P 0
L 1.8193542 0.1740157 1.8360155 0.1740157 0 P 0
L 1.8193542 0.2239995 1.8110236 0.2156689 0 P 0
L 1.8193542 0.2740157 1.8360155 0.2740157 0 P 0
L 1.8193542 0.3239995 1.8110236 0.3156689 0 P 0
L 1.8193542 0.3740157 1.8360155 0.3740157 0 P 0
L 1.8193542 0.4239995 1.8110236 0.4156689 0 P 0
L 1.8360155 0.0740157 1.8443462 0.0823463 0 P 0
L 1.8360155 0.1239995 1.8193542 0.1239995 0 P 0
L 1.8360155 0.1740157 1.8443462 0.1823463 0 P 0
L 1.8360155 0.2239995 1.8193542 0.2239995 0 P 0
L 1.8360155 0.2740157 1.8443462 0.2823463 0 P 0
L 1.8360155 0.3239995 1.8193542 0.3239995 0 P 0
L 1.8360155 0.3740157 1.8443462 0.3823463 0 P 0
L 1.8360155 0.4239995 1.8193542 0.4239995 0 P 0
L 1.8443462 0.1156689 1.8360155 0.1239995 0 P 0
L 1.8443462 0.2156689 1.8360155 0.2239995 0 P 0
L 1.8443462 0.3156689 1.8360155 0.3239995 0 P 0
L 1.8443462 0.4156689 1.8360155 0.4239995 0 P 0
