#Layer_Color=16711935
#
#Feature symbol names
#
$0 r3.937
$1 r10
$2 r6

#
#Feature attribute names
#
@0 .nomenclature
@1 .string
@2 .string_angle

#
#Feature attribute text strings
#
&0 71,20
&1 117,20

#
#Layer features
#
A 0.6348426 0.3871687 0.6348426 0.3871687 0.6151576 0.3871687 0 P 0 N
A 1.0214566 3.8452756 1.0214566 3.8452756 1.0017716 3.8452756 0 P 0 N
A 1.3435433 3.2389371 1.3435433 3.2389371 1.3238583 3.2389371 0 P 0 N
A 2.1516245 1.0157481 2.1516245 1.0157481 2.1319395 1.0157481 0 P 0 N
A 2.1781496 0.3799213 2.1781496 0.3799213 2.1584646 0.3799213 0 P 0 N
L 0 -0.1161417 0.06 -0.0961417 1 P 0
L 0 -0.1161417 0.06 -0.1361417 1 P 0
L 0 -0.1161417 1.2346336 -0.1161417 1 P 0
L 0 -0.1261417 0 -0.0237795 1 P 0
L 0.1604332 1.4173228 0.1604332 1.4822834 0 P 0
L 0.1604332 1.4173228 0.1978347 1.4173228 0 P 0
L 0.1604332 1.4822834 0.1978347 1.4822834 0 P 0
L 0.1958661 0.7352362 0.1958661 0.8001968 0 P 0
L 0.1958661 0.7352362 0.2332676 0.7352362 0 P 0
L 0.1958661 0.8001968 0.2332676 0.8001968 0 P 0
L 0.1958662 0.8612205 0.1958662 0.9261811 0 P 0
L 0.1958662 0.8612205 0.2332677 0.8612205 0 P 0
L 0.1958662 0.9261811 0.2332677 0.9261811 0 P 0
L 0.1978347 1.4173228 0.1978347 1.4822834 0 P 0
L 0.2311024 4.4232284 0.2311024 4.5393701 0 P 0
L 0.2311024 4.4232284 0.3791339 4.4232284 0 P 0
L 0.2311024 4.5393701 0.3791339 4.5393701 0 P 0
L 0.2332676 0.7352362 0.2332676 0.8001968 0 P 0
L 0.2332677 0.8612205 0.2332677 0.9261811 0 P 0
L 0.2598425 0.5521654 0.2598425 0.5895669 0 P 0
L 0.2598425 0.5521654 0.3248031 0.5521654 0 P 0
L 0.2598425 0.5895669 0.3248031 0.5895669 0 P 0
L 0.268701 4.2814961 0.268701 4.3188976 0 P 0
L 0.268701 4.2814961 0.3336616 4.2814961 0 P 0
L 0.268701 4.3188976 0.3336616 4.3188976 0 P 0
L 0.268701 4.3513779 0.268701 4.3887794 0 P 0
L 0.268701 4.3513779 0.3336616 4.3513779 0 P 0
L 0.268701 4.3887794 0.3336616 4.3887794 0 P 0
L 0.3248031 0.5521654 0.3248031 0.5895669 0 P 0
L 0.3336616 4.2814961 0.3336616 4.3188976 0 P 0
L 0.3336616 4.3513779 0.3336616 4.3887794 0 P 0
L 0.3791339 4.4232284 0.3791339 4.5393701 0 P 0
L 0.3956694 2.144685 0.3956694 2.2096456 0 P 0
L 0.3956694 2.144685 0.4330709 2.144685 0 P 0
L 0.3956694 2.2096456 0.4330709 2.2096456 0 P 0
L 0.3996064 3.2017717 0.3996064 3.2667323 0 P 0
L 0.3996064 3.2017717 0.4370079 3.2017717 0 P 0
L 0.3996064 3.2667323 0.4370079 3.2667323 0 P 0
L 0.4055118 1.1765748 0.4055118 1.2139764 0 P 0
L 0.4055118 1.1765748 0.4744095 1.1765748 0 P 0
L 0.4055118 1.2139764 0.4744095 1.2139764 0 P 0
L 0.4055118 1.2765748 0.4055118 1.3139764 0 P 0
L 0.4055118 1.2765748 0.4744095 1.2765748 0 P 0
L 0.4055118 1.3139764 0.4744095 1.3139764 0 P 0
L 0.4055119 0.6998031 0.4055119 0.9163386 0 P 0
L 0.4055119 0.6998031 0.6732284 0.6998031 0 P 0
L 0.4055119 0.9163386 0.456693 0.9675197 0 P 0
L 0.4114174 4.4527559 0.4114174 4.5177165 0 P 0
L 0.4114174 4.4527559 0.4488189 4.4527559 0 P 0
L 0.4114174 4.5177165 0.4488189 4.5177165 0 P 0
L 0.4133859 1.065945 0.4133859 1.1033465 0 P 0
L 0.4133859 1.065945 0.4783465 1.065945 0 P 0
L 0.4133859 1.1033465 0.4783465 1.1033465 0 P 0
L 0.4133859 1.3838583 0.4133859 1.4212598 0 P 0
L 0.4133859 1.3838583 0.4783465 1.3838583 0 P 0
L 0.4133859 1.4212598 0.4783465 1.4212598 0 P 0
L 0.4330709 2.144685 0.4330709 2.2096456 0 P 0
L 0.4370079 3.2017717 0.4370079 3.2667323 0 P 0
L 0.4488189 4.4527559 0.4488189 4.5177165 0 P 0
L 0.456693 0.9675197 0.6220473 0.9675197 0 P 0
L 0.4744095 1.1765748 0.4744095 1.2139764 0 P 0
L 0.4744095 1.2765748 0.4744095 1.3139764 0 P 0
L 0.4783465 1.065945 0.4783465 1.1033465 0 P 0
L 0.4783465 1.3838583 0.4783465 1.4212598 0 P 0
L 0.4862204 2.1968503 0.4862204 2.2342518 0 P 0
L 0.4862204 2.1968503 0.551181 2.1968503 0 P 0
L 0.4862204 2.2342518 0.551181 2.2342518 0 P 0
L 0.4862204 2.2667323 0.4862204 2.3041338 0 P 0
L 0.4862204 2.2667323 0.551181 2.2667323 0 P 0
L 0.4862204 2.3041338 0.551181 2.3041338 0 P 0
L 0.4931104 0.3517356 0.4931104 0.5092159 0 P 0
L 0.4931104 0.3517356 0.6505907 0.3517356 0 P 0
L 0.4931104 0.5092159 0.6505907 0.5092159 0 P 0
L 0.4970473 4.4970472 0.4970473 4.5344488 0 P 0
L 0.4970473 4.4970472 0.565945 4.4970472 0 P 0
L 0.4970473 4.5344488 0.565945 4.5344488 0 P 0
L 0.4980315 4.4350394 0.4980315 4.4724409 0 P 0
L 0.4980315 4.4350394 0.5629921 4.4350394 0 P 0
L 0.4980315 4.4724409 0.5629921 4.4724409 0 P 0
L 0.5118111 0.2057088 0.5118111 0.2431103 0 P 0
L 0.5118111 0.2057088 0.5767717 0.2057088 0 P 0
L 0.5118111 0.2431103 0.5767717 0.2431103 0 P 0
L 0.5118111 0.2706693 0.5118111 0.3080708 0 P 0
L 0.5118111 0.2706693 0.5767717 0.2706693 0 P 0
L 0.5118111 0.3080708 0.5767717 0.3080708 0 P 0
L 0.5236221 1.0826772 0.5236221 1.1476378 0 P 0
L 0.5236221 1.0826772 0.5610236 1.0826772 0 P 0
L 0.5236221 1.1476378 0.5610236 1.1476378 0 P 0
L 0.5236221 1.3395669 0.5236221 1.4045275 0 P 0
L 0.5236221 1.3395669 0.5610236 1.3395669 0 P 0
L 0.5236221 1.4045275 0.5610236 1.4045275 0 P 0
L 0.5236222 1.2116142 0.5236222 1.2765748 0 P 0
L 0.5236222 1.2116142 0.5610237 1.2116142 0 P 0
L 0.5236222 1.2765748 0.5610237 1.2765748 0 P 0
L 0.5242127 2.9330709 0.5242127 2.9980315 0 P 0
L 0.5242127 2.9330709 0.5616142 2.9330709 0 P 0
L 0.5242127 2.9980315 0.5616142 2.9980315 0 P 0
L 0.5265748 0.5521654 0.5265748 0.5895669 0 P 0
L 0.5265748 0.5521654 0.5915354 0.5521654 0 P 0
L 0.5265748 0.5895669 0.5915354 0.5895669 0 P 0
L 0.551181 2.1968503 0.551181 2.2342518 0 P 0
L 0.551181 2.2667323 0.551181 2.3041338 0 P 0
L 0.5610236 1.0826772 0.5610236 1.1476378 0 P 0
L 0.5610236 1.3395669 0.5610236 1.4045275 0 P 0
L 0.5610237 1.2116142 0.5610237 1.2765748 0 P 0
L 0.5616142 2.9330709 0.5616142 2.9980315 0 P 0
L 0.5629921 4.4350394 0.5629921 4.4724409 0 P 0
L 0.565945 4.4970472 0.565945 4.5344488 0 P 0
L 0.5767717 0.2057088 0.5767717 0.2431103 0 P 0
L 0.5767717 0.2706693 0.5767717 0.3080708 0 P 0
L 0.5915354 0.5521654 0.5915354 0.5895669 0 P 0
L 0.6062993 1.0659449 0.6062993 1.1033464 0 P 0
L 0.6062993 1.0659449 0.6712599 1.0659449 0 P 0
L 0.6062993 1.1033464 0.6712599 1.1033464 0 P 0
L 0.6082678 1.1938976 0.6082678 1.2312991 0 P 0
L 0.6082678 1.1938976 0.6732284 1.1938976 0 P 0
L 0.6082678 1.2312991 0.6732284 1.2312991 0 P 0
L 0.6082678 1.257874 0.6082678 1.2952755 0 P 0
L 0.6082678 1.257874 0.6732284 1.257874 0 P 0
L 0.6082678 1.2952755 0.6732284 1.2952755 0 P 0
L 0.6082678 1.382874 0.6082678 1.4202755 0 P 0
L 0.6082678 1.382874 0.6732284 1.382874 0 P 0
L 0.6082678 1.4202755 0.6732284 1.4202755 0 P 0
L 0.6220473 0.9675197 0.6732284 0.9163386 0 P 0
L 0.6242127 2.9325248 0.6242127 2.9974854 0 P 0
L 0.6242127 2.9325248 0.6616142 2.9325248 0 P 0
L 0.6242127 2.9974854 0.6616142 2.9974854 0 P 0
L 0.6309056 4.496063 0.6309056 4.5334645 0 P 0
L 0.6309056 4.496063 0.6958662 4.496063 0 P 0
L 0.6309056 4.5334645 0.6958662 4.5334645 0 P 0
L 0.648622 4.0846456 0.648622 4.4114173 0 P 0
L 0.648622 4.0846456 0.9094488 4.0846456 0 P 0
L 0.648622 4.4114173 0.9094488 4.4114173 0 P 0
L 0.6505907 0.3517356 0.6505907 0.5092159 0 P 0
L 0.6616142 2.9325248 0.6616142 2.9974854 0 P 0
L 0.6712599 1.0659449 0.6712599 1.1033464 0 P 0
L 0.6732284 0.6998031 0.6732284 0.9163386 0 P 0
L 0.6732284 1.1938976 0.6732284 1.2312991 0 P 0
L 0.6732284 1.257874 0.6732284 1.2952755 0 P 0
L 0.6732284 1.382874 0.6732284 1.4202755 0 P 0
L 0.6958662 4.496063 0.6958662 4.5334645 0 P 0
L 0.7155513 0.3986221 0.7155513 0.4635827 0 P 0
L 0.7155513 0.3986221 0.7529528 0.3986221 0 P 0
L 0.7155513 0.4635827 0.7529528 0.4635827 0 P 0
L 0.7175198 1.0216536 0.7175198 1.0866142 0 P 0
L 0.7175198 1.0216536 0.7549213 1.0216536 0 P 0
L 0.7175198 1.0866142 0.7549213 1.0866142 0 P 0
L 0.7529528 0.3986221 0.7529528 0.4635827 0 P 0
L 0.7549213 1.0216536 0.7549213 1.0866142 0 P 0
L 0.8160024 0.4827614 0.8160024 0.5201629 0 P 0
L 0.8160024 0.4827614 0.880963 0.4827614 0 P 0
L 0.8160024 0.5201629 0.880963 0.5201629 0 P 0
L 0.8160024 0.5506748 0.8160024 0.5880763 0 P 0
L 0.8160024 0.5506748 0.880963 0.5506748 0 P 0
L 0.8160024 0.5880763 0.880963 0.5880763 0 P 0
L 0.8169867 0.4151156 0.8169867 0.4525171 0 P 0
L 0.8169867 0.4151156 0.8819473 0.4151156 0 P 0
L 0.8169867 0.4525171 0.8819473 0.4525171 0 P 0
L 0.880963 0.4827614 0.880963 0.5201629 0 P 0
L 0.880963 0.5506748 0.880963 0.5880763 0 P 0
L 0.8819473 0.4151156 0.8819473 0.4525171 0 P 0
L 0.8917324 3.5206693 0.8917324 3.5856299 0 P 0
L 0.8917324 3.5206693 0.9291339 3.5206693 0 P 0
L 0.8917324 3.5856299 0.9291339 3.5856299 0 P 0
L 0.9094488 4.0846456 0.9753937 4.1505905 0 P 0
L 0.9094488 4.4114173 0.9753937 4.3454724 0 P 0
L 0.9291339 3.5206693 0.9291339 3.5856299 0 P 0
L 0.937008 2.4124016 0.937008 2.4773622 0 P 0
L 0.937008 2.4124016 0.9744095 2.4124016 0 P 0
L 0.937008 2.4773622 0.9744095 2.4773622 0 P 0
L 0.9439552 0.4151156 0.9439552 0.4525171 0 P 0
L 0.9439552 0.4151156 1.0089158 0.4151156 0 P 0
L 0.9439552 0.4525171 1.0089158 0.4525171 0 P 0
L 0.9439552 0.4827614 0.9439552 0.5201629 0 P 0
L 0.9439552 0.4827614 1.0089158 0.4827614 0 P 0
L 0.9439552 0.5201629 1.0089158 0.5201629 0 P 0
L 0.9439552 0.5506748 0.9439552 0.5880763 0 P 0
L 0.9439552 0.5506748 1.0089158 0.5506748 0 P 0
L 0.9439552 0.5880763 1.0089158 0.5880763 0 P 0
L 0.9566929 2.3287402 0.9566929 2.3661417 0 P 0
L 0.9566929 2.3287402 1.0216535 2.3287402 0 P 0
L 0.9566929 2.3661417 1.0216535 2.3661417 0 P 0
L 0.9616142 2.527559 0.9616142 2.5649605 0 P 0
L 0.9616142 2.527559 1.0265748 2.527559 0 P 0
L 0.9616142 2.5649605 1.0265748 2.5649605 0 P 0
L 0.9663385 3.5972441 0.9663385 3.8807087 0 P 0
L 0.9663385 3.5972441 1.7753937 3.5972441 0 P 0
L 0.9663385 3.8807087 1.7753937 3.8807087 0 P 0
L 0.9744095 2.4124016 0.9744095 2.4773622 0 P 0
L 0.9753937 4.1505905 0.9753937 4.3454724 0 P 0
L 1.007874 2.4124016 1.007874 2.4773622 0 P 0
L 1.007874 2.4124016 1.0452755 2.4124016 0 P 0
L 1.007874 2.4773622 1.0452755 2.4773622 0 P 0
L 1.0078741 2.2165354 1.0078741 2.281496 0 P 0
L 1.0078741 2.2165354 1.0452756 2.2165354 0 P 0
L 1.0078741 2.281496 1.0452756 2.281496 0 P 0
L 1.0089158 0.4151156 1.0089158 0.4525171 0 P 0
L 1.0089158 0.4827614 1.0089158 0.5201629 0 P 0
L 1.0089158 0.5506748 1.0089158 0.5880763 0 P 0
L 1.0216535 2.3287402 1.0216535 2.3661417 0 P 0
L 1.0265748 2.527559 1.0265748 2.5649605 0 P 0
L 1.0452755 2.4124016 1.0452755 2.4773622 0 P 0
L 1.0452756 2.2165354 1.0452756 2.281496 0 P 0
L 1.0500394 3.3878739 1.0500394 3.4252754 0 P 0
L 1.0500394 3.3878739 1.115 3.3878739 0 P 0
L 1.0500394 3.4252754 1.115 3.4252754 0 P 0
L 1.0510236 3.3199605 1.0510236 3.357362 0 P 0
L 1.0510236 3.3199605 1.1159842 3.3199605 0 P 0
L 1.0510236 3.357362 1.1159842 3.357362 0 P 0
L 1.0767717 2.3484253 1.0767717 2.4133859 0 P 0
L 1.0767717 2.3484253 1.1141732 2.3484253 0 P 0
L 1.0767717 2.4133859 1.1141732 2.4133859 0 P 0
L 1.0774803 2.2165748 1.0774803 2.2815354 0 P 0
L 1.0774803 2.2165748 1.1148818 2.2165748 0 P 0
L 1.0774803 2.2815354 1.1148818 2.2815354 0 P 0
L 1.1092521 4.1200788 1.1092521 4.1850394 0 P 0
L 1.1092521 4.1200788 1.1466536 4.1200788 0 P 0
L 1.1092521 4.1850394 1.1466536 4.1850394 0 P 0
L 1.1141732 2.3484253 1.1141732 2.4133859 0 P 0
L 1.1148818 2.2165748 1.1148818 2.2815354 0 P 0
L 1.115 3.3878739 1.115 3.4252754 0 P 0
L 1.1159842 3.3199605 1.1159842 3.357362 0 P 0
L 1.1299213 4.3937008 1.1299213 4.4311023 0 P 0
L 1.1299213 4.3937008 1.1948819 4.3937008 0 P 0
L 1.1299213 4.4311023 1.1948819 4.4311023 0 P 0
L 1.1466536 4.1200788 1.1466536 4.1850394 0 P 0
L 1.1505906 2.0679136 1.1505906 2.3159451 0 P 0
L 1.1505906 2.0679136 1.3986221 2.0679136 0 P 0
L 1.1505906 2.3159451 1.3986221 2.3159451 0 P 0
L 1.1673229 1.4173228 1.1673229 1.4822834 0 P 0
L 1.1673229 1.4173228 1.2047244 1.4173228 0 P 0
L 1.1673229 1.4822834 1.2047244 1.4822834 0 P 0
L 1.1732283 0.8001969 1.1732283 0.8651575 0 P 0
L 1.1732283 0.8001969 1.2106298 0.8001969 0 P 0
L 1.1732283 0.8651575 1.2106298 0.8651575 0 P 0
L 1.1799606 3.3878739 1.1799606 3.4252754 0 P 0
L 1.1799606 3.3878739 1.2449212 3.3878739 0 P 0
L 1.1799606 3.4252754 1.2449212 3.4252754 0 P 0
L 1.1948819 4.3937008 1.1948819 4.4311023 0 P 0
L 1.1978346 2.9399607 1.1978346 2.9773622 0 P 0
L 1.1978346 2.9399607 1.2627952 2.9399607 0 P 0
L 1.1978346 2.9773622 1.2627952 2.9773622 0 P 0
L 1.1978346 3.0098426 1.1978346 3.0472441 0 P 0
L 1.1978346 3.0098426 1.2627952 3.0098426 0 P 0
L 1.1978346 3.0472441 1.2627952 3.0472441 0 P 0
L 1.2047244 1.4173228 1.2047244 1.4822834 0 P 0
L 1.2106298 0.8001969 1.2106298 0.8651575 0 P 0
L 1.2133859 2.3893702 1.2133859 2.5094489 0 P 0
L 1.2133859 2.3893702 1.2822836 2.3893702 0 P 0
L 1.2133859 2.5094489 1.2822836 2.5094489 0 P 0
L 1.238189 2.5561026 1.238189 2.5935041 0 P 0
L 1.238189 2.5561026 1.3031496 2.5561026 0 P 0
L 1.238189 2.5935041 1.3031496 2.5935041 0 P 0
L 1.2449212 3.3878739 1.2449212 3.4252754 0 P 0
L 1.2506336 -0.1021481 1.2906207 -0.1021481 2 P 0 ;0,1=0,2=0.000000
L 1.2506336 -0.1521319 1.2506336 -0.1621287 2 P 0 ;0,1=0,2=0.000000
L 1.2627952 2.9399607 1.2627952 2.9773622 0 P 0
L 1.2627952 3.0098426 1.2627952 3.0472441 0 P 0
L 1.2822836 2.3893702 1.2822836 2.5094489 0 P 0
L 1.2884252 3.0775198 1.2884252 3.2743702 0 P 0
L 1.2884252 3.0775198 1.4459055 3.0775198 0 P 0
L 1.2884252 3.2743702 1.4459055 3.2743702 0 P 0
L 1.2906207 -0.1021481 1.2906207 -0.1121449 2 P 0 ;0,1=0,2=0.000000
L 1.2906207 -0.1121449 1.2506336 -0.1521319 2 P 0 ;0,1=0,2=0.000000
L 1.3031496 2.5561026 1.3031496 2.5935041 0 P 0
L 1.3106142 -0.1621287 1.3306077 -0.1621287 2 P 0 ;0,1=0,2=0.000000
L 1.320611 -0.1021481 1.3106142 -0.1121449 2 P 0 ;0,1=0,2=0.000000
L 1.320611 -0.1621287 1.320611 -0.1021481 2 P 0 ;0,1=0,2=0.000000
L 1.3287401 2.9399607 1.3287401 2.9773622 0 P 0
L 1.3287401 2.9399607 1.3937007 2.9399607 0 P 0
L 1.3287401 2.9773622 1.3937007 2.9773622 0 P 0
L 1.3287401 3.0098426 1.3287401 3.0472441 0 P 0
L 1.3287401 3.0098426 1.3937007 3.0098426 0 P 0
L 1.3287401 3.0472441 1.3937007 3.0472441 0 P 0
L 1.3306077 -0.1621287 1.320611 -0.1621287 2 P 0 ;0,1=0,2=0.000000
L 1.3425197 1.2194882 1.3425197 1.3375984 0 P 0
L 1.3425197 1.2194882 1.4606299 1.2194882 0 P 0
L 1.3425197 1.3375984 1.4606299 1.3375984 0 P 0
L 1.3705948 -0.1521319 1.3705948 -0.1621287 2 P 0 ;0,1=0,2=0.000000
L 1.3705948 -0.1621287 1.3805915 -0.1621287 2 P 0 ;0,1=0,2=0.000000
L 1.3705948 -0.1721255 1.360598 -0.1821222 2 P 0 ;0,1=0,2=0.000000
L 1.3705948 -0.1721255 1.3805915 -0.1621287 2 P 0 ;0,1=0,2=0.000000
L 1.3805915 -0.1521319 1.3705948 -0.1521319 2 P 0 ;0,1=0,2=0.000000
L 1.3805915 -0.1621287 1.3705948 -0.1721255 2 P 0 ;0,1=0,2=0.000000
L 1.3805915 -0.1621287 1.3805915 -0.1521319 2 P 0 ;0,1=0,2=0.000000
L 1.3937007 2.9399607 1.3937007 2.9773622 0 P 0
L 1.3937007 3.0098426 1.3937007 3.0472441 0 P 0
L 1.3986221 2.0679136 1.3986221 2.3159451 0 P 0
L 1.4205786 -0.1621287 1.4605657 -0.1221416 2 P 0 ;0,1=0,2=0.000000
L 1.4305754 -0.1021481 1.4205786 -0.1121449 2 P 0 ;0,1=0,2=0.000000
L 1.4398764 1.0708662 1.4398764 1.1082677 0 P 0
L 1.4398764 1.0708662 1.504837 1.0708662 0 P 0
L 1.4398764 1.1082677 1.504837 1.1082677 0 P 0
L 1.4398764 1.1403111 1.4398764 1.1777126 0 P 0
L 1.4398764 1.1403111 1.504837 1.1403111 0 P 0
L 1.4398764 1.1777126 1.504837 1.1777126 0 P 0
L 1.4428291 1.3804685 1.4428291 1.41787 0 P 0
L 1.4428291 1.3804685 1.5077897 1.3804685 0 P 0
L 1.4428291 1.41787 1.5077897 1.41787 0 P 0
L 1.4428291 1.4454292 1.4428291 1.4828307 0 P 0
L 1.4428291 1.4454292 1.5077897 1.4454292 0 P 0
L 1.4428291 1.4828307 1.5077897 1.4828307 0 P 0
L 1.4459055 3.0775198 1.4459055 3.2743702 0 P 0
L 1.44626 2.4301182 1.44626 2.4950788 0 P 0
L 1.44626 2.4301182 1.4836615 2.4301182 0 P 0
L 1.44626 2.4950788 1.4836615 2.4950788 0 P 0
L 1.4505689 -0.1021481 1.4305754 -0.1021481 2 P 0 ;0,1=0,2=0.000000
L 1.4586614 3.3051181 1.4586614 3.3425196 0 P 0
L 1.4586614 3.3051181 1.523622 3.3051181 0 P 0
L 1.4586614 3.3425196 1.523622 3.3425196 0 P 0
L 1.4605657 -0.1121449 1.4505689 -0.1021481 2 P 0 ;0,1=0,2=0.000000
L 1.4605657 -0.1221416 1.4605657 -0.1121449 2 P 0 ;0,1=0,2=0.000000
L 1.4605657 -0.1621287 1.4205786 -0.1621287 2 P 0 ;0,1=0,2=0.000000
L 1.4606299 1.2194882 1.4606299 1.3375984 0 P 0
L 1.4805592 -0.1121449 1.490556 -0.1021481 2 P 0 ;0,1=0,2=0.000000
L 1.4805592 -0.1521319 1.4805592 -0.1121449 2 P 0 ;0,1=0,2=0.000000
L 1.4836615 2.4301182 1.4836615 2.4950788 0 P 0
L 1.490556 -0.1021481 1.5105495 -0.1021481 2 P 0 ;0,1=0,2=0.000000
L 1.490556 -0.1621287 1.4805592 -0.1521319 2 P 0 ;0,1=0,2=0.000000
L 1.4968505 2.0462601 1.4968505 2.3100396 0 P 0
L 1.4968505 2.0462601 1.6429135 2.0462601 0 P 0
L 1.4968505 2.3100396 1.6429135 2.3100396 0 P 0
L 1.504837 1.0708662 1.504837 1.1082677 0 P 0
L 1.504837 1.1403111 1.504837 1.1777126 0 P 0
L 1.5077897 1.3804685 1.5077897 1.41787 0 P 0
L 1.5077897 1.4454292 1.5077897 1.4828307 0 P 0
L 1.5105495 -0.1021481 1.5205463 -0.1121449 2 P 0 ;0,1=0,2=0.000000
L 1.5105495 -0.1621287 1.490556 -0.1621287 2 P 0 ;0,1=0,2=0.000000
L 1.5205463 -0.1121449 1.5205463 -0.1521319 2 P 0 ;0,1=0,2=0.000000
L 1.5205463 -0.1521319 1.5105495 -0.1621287 2 P 0 ;0,1=0,2=0.000000
L 1.523622 3.3051181 1.523622 3.3425196 0 P 0
L 1.5246064 2.4301182 1.5246064 2.4950788 0 P 0
L 1.5246064 2.4301182 1.5620079 2.4301182 0 P 0
L 1.5246064 2.4950788 1.5620079 2.4950788 0 P 0
L 1.5364174 1.9822837 1.5364174 2.0196852 0 P 0
L 1.5364174 1.9822837 1.601378 1.9822837 0 P 0
L 1.5364174 2.0196852 1.601378 2.0196852 0 P 0
L 1.5365463 -0.1161417 2.80318 -0.1161417 1 P 0
L 1.5620079 2.4301182 1.5620079 2.4950788 0 P 0
L 1.601378 1.9822837 1.601378 2.0196852 0 P 0
L 1.6429135 2.0462601 1.6429135 2.3100396 0 P 0
L 1.6594489 2.3464568 1.6594489 2.3838583 0 P 0
L 1.6594489 2.3464568 1.7244095 2.3464568 0 P 0
L 1.6594489 2.3838583 1.7244095 2.3838583 0 P 0
L 1.6712598 3.105315 1.6712598 3.2253937 0 P 0
L 1.6712598 3.105315 1.7401574 3.105315 0 P 0
L 1.6712598 3.2253937 1.7401574 3.2253937 0 P 0
L 1.722441 3.9921261 1.722441 4.0295276 0 P 0
L 1.722441 3.9921261 1.7874016 3.9921261 0 P 0
L 1.722441 4.0295276 1.7874016 4.0295276 0 P 0
L 1.7244095 2.3464568 1.7244095 2.3838583 0 P 0
L 1.7401574 3.105315 1.7401574 3.2253937 0 P 0
L 1.7517718 2.5263781 1.7517718 2.5637796 0 P 0
L 1.7517718 2.5263781 1.8167324 2.5263781 0 P 0
L 1.7517718 2.5637796 1.8167324 2.5637796 0 P 0
L 1.7706693 1.9015705 1.7706693 2.0393633 0 P 0
L 1.7706693 1.9015705 1.8316929 1.8405469 0 P 0
L 1.7706693 2.0393633 1.8316929 2.1003869 0 P 0
L 1.7753937 3.5972441 1.7753937 3.8807087 0 P 0
L 1.7874016 3.9921261 1.7874016 4.0295276 0 P 0
L 1.8167324 2.5263781 1.8167324 2.5637796 0 P 0
L 1.8316929 1.8405469 2.0305119 1.8405469 0 P 0
L 1.8316929 2.1003869 2.0305119 2.1003869 0 P 0
L 1.8356299 0.4153543 1.8356299 0.4527558 0 P 0
L 1.8356299 0.4153543 1.9005905 0.4153543 0 P 0
L 1.8356299 0.4527558 1.9005905 0.4527558 0 P 0
L 1.8862654 0.6067016 1.8862654 0.6716622 0 P 0
L 1.8862654 0.6067016 1.9236669 0.6067016 0 P 0
L 1.8862654 0.6716622 1.9236669 0.6716622 0 P 0
L 1.9005905 0.4153543 1.9005905 0.4527558 0 P 0
L 1.9236669 0.6067016 1.9236669 0.6716622 0 P 0
L 1.9441 0.2139851 1.9441 0.2789457 0 P 0
L 1.9441 0.2139851 1.9815015 0.2139851 0 P 0
L 1.9441 0.2789457 1.9815015 0.2789457 0 P 0
L 1.951226 0.6067016 1.951226 0.6716622 0 P 0
L 1.951226 0.6067016 1.9886275 0.6067016 0 P 0
L 1.951226 0.6716622 1.9886275 0.6716622 0 P 0
L 1.9815015 0.2139851 1.9815015 0.2789457 0 P 0
L 1.9856748 0.1036592 1.9856748 0.1410608 0 P 0
L 1.9856748 0.1036592 2.0545725 0.1036592 0 P 0
L 1.9856748 0.1410608 2.0545725 0.1410608 0 P 0
L 1.9886275 0.6067016 1.9886275 0.6716622 0 P 0
L 1.9970473 0.3444882 1.9970473 0.5413386 0 P 0
L 1.9970473 0.3444882 2.1938977 0.3444882 0 P 0
L 1.9970473 0.5413386 2.1938977 0.5413386 0 P 0
L 2.0100449 0.2139851 2.0100449 0.2789457 0 P 0
L 2.0100449 0.2139851 2.0474464 0.2139851 0 P 0
L 2.0100449 0.2789457 2.0474464 0.2789457 0 P 0
L 2.0161867 0.6067016 2.0161867 0.6716622 0 P 0
L 2.0161867 0.6067016 2.0535882 0.6067016 0 P 0
L 2.0161867 0.6716622 2.0535882 0.6716622 0 P 0
L 2.0191395 0.0495254 2.0191395 0.075116 0 P 0
L 2.0191395 0.0495254 2.0752418 0.0495254 0 P 0
L 2.0191395 0.075116 2.0752418 0.075116 0 P 0
L 2.0305119 1.8405469 2.0305119 2.1003869 0 P 0
L 2.0474464 0.2139851 2.0474464 0.2789457 0 P 0
L 2.0535882 0.6067016 2.0535882 0.6716622 0 P 0
L 2.0545725 0.1036592 2.0545725 0.1410608 0 P 0
L 2.073819 2.3179134 2.073819 2.382874 0 P 0
L 2.073819 2.3179134 2.1112205 2.3179134 0 P 0
L 2.073819 2.382874 2.1112205 2.382874 0 P 0
L 2.0752418 0.0495254 2.0752418 0.075116 0 P 0
L 2.0756749 0.2139851 2.0756749 0.2789457 0 P 0
L 2.0756749 0.2139851 2.1130764 0.2139851 0 P 0
L 2.0756749 0.2789457 2.1130764 0.2789457 0 P 0
L 2.0821316 0.6067016 2.0821316 0.6716622 0 P 0
L 2.0821316 0.6067016 2.1195331 0.6067016 0 P 0
L 2.0821316 0.6716622 2.1195331 0.6716622 0 P 0
L 2.0965064 0.9330709 2.0965064 1.0511811 0 P 0
L 2.0965064 0.9330709 2.2146166 0.9330709 0 P 0
L 2.0965064 1.0511811 2.2146166 1.0511811 0 P 0
L 2.1053149 4.4204726 2.1053149 4.4578741 0 P 0
L 2.1053149 4.4204726 2.1702755 4.4204726 0 P 0
L 2.1053149 4.4578741 2.1702755 4.4578741 0 P 0
L 2.1112205 2.3179134 2.1112205 2.382874 0 P 0
L 2.1112989 0.0643598 2.1112989 0.1293204 0 P 0
L 2.1112989 0.0643598 2.1487004 0.0643598 0 P 0
L 2.1112989 0.1293204 2.1487004 0.1293204 0 P 0
L 2.1130764 0.2139851 2.1130764 0.2789457 0 P 0
L 2.117126 3.8228346 2.117126 3.8877952 0 P 0
L 2.117126 3.8228346 2.1545275 3.8228346 0 P 0
L 2.117126 3.8877952 2.1545275 3.8877952 0 P 0
L 2.117126 4.0196851 2.117126 4.0846457 0 P 0
L 2.117126 4.0196851 2.1545275 4.0196851 0 P 0
L 2.117126 4.0846457 2.1545275 4.0846457 0 P 0
L 2.1195331 0.6067016 2.1195331 0.6716622 0 P 0
L 2.1480764 0.6067016 2.1480764 0.6716622 0 P 0
L 2.1480764 0.6067016 2.1854779 0.6067016 0 P 0
L 2.1480764 0.6716622 2.1854779 0.6716622 0 P 0
L 2.1487004 0.0643598 2.1487004 0.1293204 0 P 0
L 2.1545275 3.8228346 2.1545275 3.8877952 0 P 0
L 2.1545275 4.0196851 2.1545275 4.0846457 0 P 0
L 2.1655934 0.2139851 2.1655934 0.2789457 0 P 0
L 2.1655934 0.2139851 2.2029949 0.2139851 0 P 0
L 2.1655934 0.2789457 2.2029949 0.2789457 0 P 0
L 2.1702755 4.4204726 2.1702755 4.4578741 0 P 0
L 2.1765745 0.0643598 2.1765745 0.1293204 0 P 0
L 2.1765745 0.0643598 2.213976 0.0643598 0 P 0
L 2.1765745 0.1293204 2.213976 0.1293204 0 P 0
L 2.1854779 0.6067016 2.1854779 0.6716622 0 P 0
L 2.1860237 1.4173228 2.1860237 1.4822834 0 P 0
L 2.1860237 1.4173228 2.2234252 1.4173228 0 P 0
L 2.1860237 1.4822834 2.2234252 1.4822834 0 P 0
L 2.1938977 0.3444882 2.1938977 0.5413386 0 P 0
L 2.2029949 0.2139851 2.2029949 0.2789457 0 P 0
L 2.2135827 2.0753622 2.2135827 2.1442599 0 P 0
L 2.2135827 2.0753622 2.2509843 2.0753622 0 P 0
L 2.2135827 2.1442599 2.2509843 2.1442599 0 P 0
L 2.2135827 2.4309054 2.2135827 2.4998031 0 P 0
L 2.2135827 2.4309054 2.2509843 2.4309054 0 P 0
L 2.2135827 2.4998031 2.2509843 2.4998031 0 P 0
L 2.213976 0.0643598 2.213976 0.1293204 0 P 0
L 2.2146166 0.9330709 2.2146166 1.0511811 0 P 0
L 2.2150055 0.6067016 2.2150055 0.6716622 0 P 0
L 2.2150055 0.6067016 2.252407 0.6067016 0 P 0
L 2.2150055 0.6716622 2.252407 0.6716622 0 P 0
L 2.2234252 1.4173228 2.2234252 1.4822834 0 P 0
L 2.2322834 3.7982284 2.2874015 3.7982284 0 P 0
L 2.2322834 3.9911418 2.2874015 3.9911418 0 P 0
L 2.234252 3.7982284 2.234252 3.9163386 0 P 0
L 2.234252 3.9163386 2.2854331 3.9163386 0 P 0
L 2.234252 3.9911418 2.234252 4.109252 0 P 0
L 2.234252 4.109252 2.2854331 4.109252 0 P 0
L 2.2352361 4.4854331 2.2352361 4.5228347 0 P 0
L 2.2352361 4.4854331 2.3041338 4.4854331 0 P 0
L 2.2352361 4.5228347 2.3041338 4.5228347 0 P 0
L 2.2372047 4.4204727 2.2372047 4.4578742 0 P 0
L 2.2372047 4.4204727 2.3021653 4.4204727 0 P 0
L 2.2372047 4.4578742 2.3021653 4.4578742 0 P 0
L 2.2415803 0.2139851 2.2415803 0.2789457 0 P 0
L 2.2415803 0.2139851 2.2789818 0.2139851 0 P 0
L 2.2415803 0.2789457 2.2789818 0.2789457 0 P 0
L 2.2509843 2.0753622 2.2509843 2.1442599 0 P 0
L 2.2509843 2.4309054 2.2509843 2.4998031 0 P 0
L 2.252407 0.6067016 2.252407 0.6716622 0 P 0
L 2.2539867 0.9291339 2.2539867 0.9940945 0 P 0
L 2.2539867 0.9291339 2.2913882 0.9291339 0 P 0
L 2.2539867 0.9940945 2.2913882 0.9940945 0 P 0
L 2.2579428 0.3409303 2.2579428 0.4058909 0 P 0
L 2.2579428 0.3409303 2.2953443 0.3409303 0 P 0
L 2.2579428 0.4058909 2.2953443 0.4058909 0 P 0
L 2.2789818 0.2139851 2.2789818 0.2789457 0 P 0
L 2.2809504 0.6067016 2.2809504 0.6716622 0 P 0
L 2.2809504 0.6067016 2.3183519 0.6067016 0 P 0
L 2.2809504 0.6716622 2.3183519 0.6716622 0 P 0
L 2.2854331 3.7982284 2.2854331 3.9163386 0 P 0
L 2.2854331 3.9911418 2.2854331 4.109252 0 P 0
L 2.2913882 0.9291339 2.2913882 0.9940945 0 P 0
L 2.2953443 0.3409303 2.2953443 0.4058909 0 P 0
L 2.3021653 4.4204727 2.3021653 4.4578742 0 P 0
L 2.3041338 4.4854331 2.3041338 4.5228347 0 P 0
L 2.3183519 0.6067016 2.3183519 0.6716622 0 P 0
L 2.3228387 0.3405473 2.3228387 0.4055079 0 P 0
L 2.3228387 0.3405473 2.3602402 0.3405473 0 P 0
L 2.3228387 0.4055079 2.3602402 0.4055079 0 P 0
L 2.3543308 4.4391734 2.3543308 4.504134 0 P 0
L 2.3543308 4.4391734 2.3917323 4.4391734 0 P 0
L 2.3543308 4.504134 2.3917323 4.504134 0 P 0
L 2.3592518 3.9872048 2.3592518 4.0521654 0 P 0
L 2.3592518 3.9872048 2.3966533 3.9872048 0 P 0
L 2.3592518 4.0521654 2.3966533 4.0521654 0 P 0
L 2.3602402 0.3405473 2.3602402 0.4055079 0 P 0
L 2.3612204 3.855315 2.3612204 3.9202756 0 P 0
L 2.3612204 3.855315 2.3986219 3.855315 0 P 0
L 2.3612204 3.9202756 2.3986219 3.9202756 0 P 0
L 2.3612205 0.855315 2.3612205 0.9202756 0 P 0
L 2.3612205 0.855315 2.398622 0.855315 0 P 0
L 2.3612205 0.9202756 2.398622 0.9202756 0 P 0
L 2.3612205 1.117126 2.3612205 1.1820866 0 P 0
L 2.3612205 1.117126 2.398622 1.117126 0 P 0
L 2.3612205 1.1820866 2.398622 1.1820866 0 P 0
L 2.3651576 3.2017717 2.3651576 3.2667323 0 P 0
L 2.3651576 3.2017717 2.4025591 3.2017717 0 P 0
L 2.3651576 3.2667323 2.4025591 3.2667323 0 P 0
L 2.3917323 4.4391734 2.3917323 4.504134 0 P 0
L 2.3966533 3.9872048 2.3966533 4.0521654 0 P 0
L 2.3986219 3.855315 2.3986219 3.9202756 0 P 0
L 2.398622 0.855315 2.398622 0.9202756 0 P 0
L 2.398622 1.117126 2.398622 1.1820866 0 P 0
L 2.4025591 3.2017717 2.4025591 3.2667323 0 P 0
L 2.4240157 4.4222441 2.4240157 4.5383858 0 P 0
L 2.4240157 4.4222441 2.5720472 4.4222441 0 P 0
L 2.4240157 4.5383858 2.5720472 4.5383858 0 P 0
L 2.4635827 4.2757876 2.4635827 4.3131891 0 P 0
L 2.4635827 4.2757876 2.5285433 4.2757876 0 P 0
L 2.4635827 4.3131891 2.5285433 4.3131891 0 P 0
L 2.4639881 4.3454514 2.4639881 4.3828529 0 P 0
L 2.4639881 4.3454514 2.5289487 4.3454514 0 P 0
L 2.4639881 4.3828529 2.5289487 4.3828529 0 P 0
L 2.482722 0.5860324 2.482722 0.6234339 0 P 0
L 2.482722 0.5860324 2.5476826 0.5860324 0 P 0
L 2.482722 0.6234339 2.5476826 0.6234339 0 P 0
L 2.5285433 4.2757876 2.5285433 4.3131891 0 P 0
L 2.5289487 4.3454514 2.5289487 4.3828529 0 P 0
L 2.5476826 0.5860324 2.5476826 0.6234339 0 P 0
L 2.5720472 4.4222441 2.5720472 4.5383858 0 P 0
L 2.74318 -0.0961417 2.80318 -0.1161417 1 P 0
L 2.74318 -0.1361417 2.80318 -0.1161417 1 P 0
L 2.80318 -0.1261417 2.80318 -0.0237795 1 P 0
L 2.8269595 0 3.138937 0 1 P 0
L 2.8269595 4.6142026 3.138937 4.6142026 1 P 0
L 3.108937 0.06 3.128937 0 1 P 0
L 3.108937 4.5542026 3.128937 4.6142026 1 P 0
L 3.1149434 2.1411498 3.1249402 2.131153 2 P 0 ;0,1=1,2=90.000000
L 3.1149434 2.1911336 3.1249402 2.1811368 2 P 0 ;0,1=1,2=90.000000
L 3.1149434 2.2311206 3.1149434 2.2711077 2 P 0 ;0,1=1,2=90.000000
L 3.1149434 2.2711077 3.1249402 2.2711077 2 P 0 ;0,1=1,2=90.000000
L 3.1149434 2.3610786 3.1249402 2.3510818 2 P 0 ;0,1=1,2=90.000000
L 3.1149434 2.3810721 3.1149434 2.3610786 2 P 0 ;0,1=1,2=90.000000
L 3.1149434 2.4210592 3.1149434 2.4410527 2 P 0 ;0,1=1,2=90.000000
L 3.1149434 2.4410527 3.1249402 2.4510495 2 P 0 ;0,1=1,2=90.000000
L 3.1249402 2.2711077 3.1649272 2.2311206 2 P 0 ;0,1=1,2=90.000000
L 3.1249402 2.3910689 3.1149434 2.3810721 2 P 0 ;0,1=1,2=90.000000
L 3.1249402 2.4110624 3.1149434 2.4210592 2 P 0 ;0,1=1,2=90.000000
L 3.1249402 2.4510495 3.1649272 2.4510495 2 P 0 ;0,1=1,2=90.000000
L 3.128937 0 3.128937 2.115153 1 P 0
L 3.128937 0 3.148937 0.06 1 P 0
L 3.128937 2.4670495 3.128937 4.6142026 1 P 0
L 3.128937 4.6142026 3.148937 4.5542026 1 P 0
L 3.1349369 2.3910689 3.1249402 2.3910689 2 P 0 ;0,1=1,2=90.000000
L 3.1649272 2.2311206 3.174924 2.2311206 2 P 0 ;0,1=1,2=90.000000
L 3.1649272 2.301098 3.174924 2.301098 2 P 0 ;0,1=1,2=90.000000
L 3.1649272 2.3110947 3.1649272 2.301098 2 P 0 ;0,1=1,2=90.000000
L 3.1649272 2.4110624 3.1249402 2.4110624 2 P 0 ;0,1=1,2=90.000000
L 3.1649272 2.4510495 3.174924 2.4410527 2 P 0 ;0,1=1,2=90.000000
L 3.174924 2.131153 3.174924 2.1511465 2 P 0 ;0,1=1,2=90.000000
L 3.174924 2.1411498 3.1149434 2.1411498 2 P 0 ;0,1=1,2=90.000000
L 3.174924 2.1511465 3.174924 2.1411498 2 P 0 ;0,1=1,2=90.000000
L 3.174924 2.1811368 3.174924 2.2011303 2 P 0 ;0,1=1,2=90.000000
L 3.174924 2.1911336 3.1149434 2.1911336 2 P 0 ;0,1=1,2=90.000000
L 3.174924 2.2011303 3.174924 2.1911336 2 P 0 ;0,1=1,2=90.000000
L 3.174924 2.301098 3.174924 2.3110947 2 P 0 ;0,1=1,2=90.000000
L 3.174924 2.3110947 3.1649272 2.3110947 2 P 0 ;0,1=1,2=90.000000
L 3.174924 2.3110947 3.1849208 2.301098 2 P 0 ;0,1=1,2=90.000000
L 3.174924 2.3510818 3.1349369 2.3910689 2 P 0 ;0,1=1,2=90.000000
L 3.174924 2.3910689 3.174924 2.3510818 2 P 0 ;0,1=1,2=90.000000
L 3.174924 2.4210592 3.1649272 2.4110624 2 P 0 ;0,1=1,2=90.000000
L 3.174924 2.4410527 3.174924 2.4210592 2 P 0 ;0,1=1,2=90.000000
L 3.1849208 2.301098 3.174924 2.3110947 2 P 0 ;0,1=1,2=90.000000
L 3.1849208 2.301098 3.1949175 2.2911012 2 P 0 ;0,1=1,2=90.000000
