#Layer_Color=32768
#
#Feature symbol names
#
$0 r3.937
$1 r1.9685

#
#Feature attribute names
#

#
#Layer features
#
A 0.3425197 4.4812992 0.3425197 4.4812992 0.3326772 4.4812992 0 P 0 N
A 2.4803149 4.480315 2.4803149 4.480315 2.4704724 4.480315 0 P 0 N
L 0.1604332 1.4498031 0.1978347 1.4498031 0 P 0
L 0.1791339 1.4311023 0.1791339 1.4685039 0 P 0
L 0.1958661 0.7677165 0.2332676 0.7677165 0 P 0
L 0.1958662 0.8937008 0.2332677 0.8937008 0 P 0
L 0.2145669 0.7490157 0.2145669 0.7864173 0 P 0
L 0.2145669 0.875 0.2145669 0.9124016 0 P 0
L 0.2212599 4.4133858 0.2212599 4.5492126 1 P 0
L 0.2212599 4.4133858 0.3889764 4.4133858 1 P 0
L 0.2212599 4.5492126 0.3889764 4.5492126 1 P 0
L 0.273622 0.5708662 0.3110236 0.5708662 0 P 0
L 0.2824805 4.3001968 0.3198821 4.3001968 0 P 0
L 0.2824805 4.3700787 0.3198821 4.3700787 0 P 0
L 0.2923228 0.5521654 0.2923228 0.5895669 0 P 0
L 0.3011813 4.2814961 0.3011813 4.3188976 0 P 0
L 0.3011813 4.3513779 0.3011813 4.3887794 0 P 0
L 0.3661418 0.621063 0.3661418 1.0462598 1 P 0
L 0.3661418 0.621063 0.7125985 0.621063 1 P 0
L 0.3661418 1.0462598 0.7125985 1.0462598 1 P 0
L 0.378937 1.1667323 0.378937 1.2238189 0 P 0
L 0.378937 1.1667323 0.5009843 1.1667323 0 P 0
L 0.378937 1.2238189 0.5009843 1.2238189 0 P 0
L 0.378937 1.2667323 0.378937 1.3238189 0 P 0
L 0.378937 1.2667323 0.5009843 1.2667323 0 P 0
L 0.378937 1.3238189 0.5009843 1.3238189 0 P 0
L 0.3889764 4.4133858 0.3889764 4.5492126 1 P 0
L 0.3956694 2.1771653 0.4330709 2.1771653 0 P 0
L 0.3996064 3.234252 0.4370079 3.234252 0 P 0
L 0.4114174 4.4852362 0.4488189 4.4852362 0 P 0
L 0.4143701 2.1584645 0.4143701 2.1958661 0 P 0
L 0.4183071 3.2155512 0.4183071 3.2529528 0 P 0
L 0.4212599 1.1952756 0.4586614 1.1952756 0 P 0
L 0.4212599 1.2952756 0.4586614 1.2952756 0 P 0
L 0.4271654 1.0846457 0.464567 1.0846457 0 P 0
L 0.4271654 1.4025591 0.464567 1.4025591 0 P 0
L 0.4301181 4.4665354 0.4301181 4.503937 0 P 0
L 0.4399607 1.1765748 0.4399607 1.2139764 0 P 0
L 0.4399607 1.2765748 0.4399607 1.3139764 0 P 0
L 0.4458662 1.065945 0.4458662 1.1033465 0 P 0
L 0.4458662 1.3838583 0.4458662 1.4212598 0 P 0
L 0.4685041 0.3271293 0.4685041 0.5338222 1 P 0
L 0.4685041 0.3271293 0.675197 0.3271293 1 P 0
L 0.4685041 0.5338222 0.675197 0.5338222 1 P 0
L 0.4704725 4.4872047 0.4704725 4.5442913 0 P 0
L 0.4704725 4.4872047 0.5925198 4.4872047 0 P 0
L 0.4704725 4.5442913 0.5925198 4.5442913 0 P 0
L 0.4999999 2.2155511 0.5374015 2.2155511 0 P 0
L 0.4999999 2.285433 0.5374015 2.285433 0 P 0
L 0.5009843 1.1667323 0.5009843 1.2238189 0 P 0
L 0.5009843 1.2667323 0.5009843 1.3238189 0 P 0
L 0.511811 4.4537402 0.5492126 4.4537402 0 P 0
L 0.5127954 4.515748 0.5501969 4.515748 0 P 0
L 0.5187007 2.1968503 0.5187007 2.2342518 0 P 0
L 0.5187007 2.2667323 0.5187007 2.3041338 0 P 0
L 0.5196851 0.8336614 0.5590552 0.8336614 0 P 0
L 0.5236221 1.1151575 0.5610236 1.1151575 0 P 0
L 0.5236221 1.3720472 0.5610236 1.3720472 0 P 0
L 0.5236222 1.2440945 0.5610237 1.2440945 0 P 0
L 0.5242127 2.9655512 0.5616142 2.9655512 0 P 0
L 0.5255906 0.2244095 0.5629922 0.2244095 0 P 0
L 0.5255906 0.2893701 0.5629922 0.2893701 0 P 0
L 0.5305118 4.4350394 0.5305118 4.4724409 0 P 0
L 0.5314961 4.4970472 0.5314961 4.5344488 0 P 0
L 0.5393701 0.8139763 0.5393701 0.8533464 0 P 0
L 0.5403543 0.5708662 0.5777559 0.5708662 0 P 0
L 0.5423229 1.0964567 0.5423229 1.1338583 0 P 0
L 0.5423229 1.2253937 0.5423229 1.2627953 0 P 0
L 0.5423229 1.3533464 0.5423229 1.390748 0 P 0
L 0.5429134 2.9468504 0.5429134 2.984252 0 P 0
L 0.5442914 0.2057088 0.5442914 0.2431103 0 P 0
L 0.5442914 0.2706693 0.5442914 0.3080708 0 P 0
L 0.5521655 0.4304758 0.5915356 0.4304758 0 P 0
L 0.5590551 0.5521654 0.5590551 0.5895669 0 P 0
L 0.5718505 0.4107907 0.5718505 0.4501608 0 P 0
L 0.5925198 4.4872047 0.5925198 4.5442913 0 P 0
L 0.6072835 4.0452756 0.6072835 4.4507874 1 P 0
L 0.6072835 4.0452756 1.0167323 4.0452756 1 P 0
L 0.6072835 4.4507874 1.0167323 4.4507874 1 P 0
L 0.6200788 1.0846457 0.6574804 1.0846457 0 P 0
L 0.6220473 1.2125984 0.6594489 1.2125984 0 P 0
L 0.6220473 1.2765748 0.6594489 1.2765748 0 P 0
L 0.6220473 1.4015748 0.6594489 1.4015748 0 P 0
L 0.6242127 2.9650051 0.6616142 2.9650051 0 P 0
L 0.6387796 1.0659449 0.6387796 1.1033464 0 P 0
L 0.6407481 1.1938976 0.6407481 1.2312991 0 P 0
L 0.6407481 1.257874 0.6407481 1.2952755 0 P 0
L 0.6407481 1.382874 0.6407481 1.4202755 0 P 0
L 0.6429134 2.9463043 0.6429134 2.9837059 0 P 0
L 0.6446851 4.5147638 0.6820867 4.5147638 0 P 0
L 0.6633859 4.496063 0.6633859 4.5334645 0 P 0
L 0.675197 0.3271293 0.675197 0.5338222 1 P 0
L 0.7125985 0.621063 0.7125985 1.0462598 1 P 0
L 0.7155513 0.4311024 0.7529528 0.4311024 0 P 0
L 0.7175198 1.0541339 0.7549213 1.0541339 0 P 0
L 0.734252 0.4124016 0.734252 0.4498032 0 P 0
L 0.7362205 1.0354331 0.7362205 1.0728347 0 P 0
L 0.7923228 4.2480315 0.8316929 4.2480315 0 P 0
L 0.8120079 4.2283464 0.8120079 4.2677165 0 P 0
L 0.8297819 0.5014622 0.8671835 0.5014622 0 P 0
L 0.8297819 0.5693756 0.8671835 0.5693756 0 P 0
L 0.8307662 0.4338164 0.8681678 0.4338164 0 P 0
L 0.8484827 0.4827614 0.8484827 0.5201629 0 P 0
L 0.8484827 0.5506748 0.8484827 0.5880763 0 P 0
L 0.849467 0.4151156 0.849467 0.4525171 0 P 0
L 0.8917324 3.5531496 0.9291339 3.5531496 0 P 0
L 0.9104331 3.5344488 0.9104331 3.5718504 0 P 0
L 0.937008 2.4448819 0.9744095 2.4448819 0 P 0
L 0.9557087 2.4261811 0.9557087 2.4635827 0 P 0
L 0.9577347 0.4338164 0.9951363 0.4338164 0 P 0
L 0.9577347 0.5014622 0.9951363 0.5014622 0 P 0
L 0.9577347 0.5693756 0.9951363 0.5693756 0 P 0
L 0.9704724 2.347441 1.007874 2.347441 0 P 0
L 0.9753937 2.5462598 1.0127953 2.5462598 0 P 0
L 0.9764355 0.4151156 0.9764355 0.4525171 0 P 0
L 0.9764355 0.4827614 0.9764355 0.5201629 0 P 0
L 0.9764355 0.5506748 0.9764355 0.5880763 0 P 0
L 0.9891732 2.3287402 0.9891732 2.3661417 0 P 0
L 0.9940945 2.527559 0.9940945 2.5649605 0 P 0
L 1.007874 2.4448819 1.0452755 2.4448819 0 P 0
L 1.0078741 2.2490157 1.0452756 2.2490157 0 P 0
L 1.0167323 4.0452756 1.0167323 4.4507874 1 P 0
L 1.0265748 2.2303149 1.0265748 2.2677165 0 P 0
L 1.0265748 2.4261811 1.0265748 2.4635827 0 P 0
L 1.0638189 3.4065747 1.1012205 3.4065747 0 P 0
L 1.0648031 3.3386613 1.1022047 3.3386613 0 P 0
L 1.0767717 2.3809056 1.1141732 2.3809056 0 P 0
L 1.0774803 2.2490551 1.1148818 2.2490551 0 P 0
L 1.0825197 3.3878739 1.0825197 3.4252754 0 P 0
L 1.0835039 3.3199605 1.0835039 3.357362 0 P 0
L 1.0954724 2.3622048 1.0954724 2.3996064 0 P 0
L 1.096181 2.2303543 1.096181 2.2677559 0 P 0
L 1.1092521 4.1525591 1.1466536 4.1525591 0 P 0
L 1.1279528 4.1338583 1.1279528 4.1712599 0 P 0
L 1.1407481 2.0334647 1.1407481 2.3503939 1 P 0
L 1.1407481 2.0334647 1.4084646 2.0334647 1 P 0
L 1.1407481 2.3503939 1.4084646 2.3503939 1 P 0
L 1.1437008 4.4124016 1.1811024 4.4124016 0 P 0
L 1.1624016 4.3937008 1.1624016 4.4311023 0 P 0
L 1.1641733 2.3785434 1.1641733 2.5202757 1 P 0
L 1.1641733 2.3785434 1.3314962 2.3785434 1 P 0
L 1.1641733 2.5202757 1.3314962 2.5202757 1 P 0
L 1.1673229 1.4498031 1.2047244 1.4498031 0 P 0
L 1.1732283 0.8326772 1.2106298 0.8326772 0 P 0
L 1.1860236 1.4311023 1.1860236 1.4685039 0 P 0
L 1.1919291 0.8139764 1.1919291 0.851378 0 P 0
L 1.1937401 3.4065747 1.2311417 3.4065747 0 P 0
L 1.2116141 2.9586614 1.2490157 2.9586614 0 P 0
L 1.2116141 3.0285433 1.2490157 3.0285433 0 P 0
L 1.2124409 3.3878739 1.2124409 3.4252754 0 P 0
L 1.2195276 3.0676773 1.2195276 3.2842127 0 P 0
L 1.2195276 3.0676773 1.5148032 3.0676773 0 P 0
L 1.2195276 3.2842127 1.5148032 3.2842127 0 P 0
L 1.2281497 2.4494096 1.2675198 2.4494096 0 P 0
L 1.2303149 2.9399607 1.2303149 2.9773622 0 P 0
L 1.2303149 3.0098426 1.2303149 3.0472441 0 P 0
L 1.2478347 2.4297245 1.2478347 2.4690946 0 P 0
L 1.2519685 2.5748033 1.2893701 2.5748033 0 P 0
L 1.2549213 2.1919293 1.2942914 2.1919293 0 P 0
L 1.2706693 2.5561026 1.2706693 2.5935041 0 P 0
L 1.2746064 2.1722443 1.2746064 2.2116144 0 P 0
L 1.3314962 2.3785434 1.3314962 2.5202757 1 P 0
L 1.3356299 1.2125984 1.3356299 1.3444882 1 P 0
L 1.3356299 1.2125984 1.4675197 1.2125984 1 P 0
L 1.3356299 1.3444882 1.4675197 1.3444882 1 P 0
L 1.3425196 2.9586615 1.3799212 2.9586615 0 P 0
L 1.3425196 3.0285434 1.3799212 3.0285434 0 P 0
L 1.3474803 3.175945 1.3868504 3.175945 0 P 0
L 1.3511811 3.7389764 1.3905511 3.7389764 0 P 0
L 1.3612204 2.9399607 1.3612204 2.9773622 0 P 0
L 1.3612204 3.0098426 1.3612204 3.0472441 0 P 0
L 1.3671654 3.15626 1.3671654 3.19563 0 P 0
L 1.3708661 3.7192914 1.3708661 3.7586614 0 P 0
L 1.3818898 1.2785433 1.4212598 1.2785433 0 P 0
L 1.3986222 2.0364175 1.3986222 2.3198821 1 P 0
L 1.3986222 2.0364175 1.7411419 2.0364175 1 P 0
L 1.3986222 2.3198821 1.7411419 2.3198821 1 P 0
L 1.4015748 1.2588583 1.4015748 1.2982283 0 P 0
L 1.4084646 2.0334647 1.4084646 2.3503939 1 P 0
L 1.44626 2.4625985 1.4836615 2.4625985 0 P 0
L 1.4536559 1.0895669 1.4910575 1.0895669 0 P 0
L 1.4536559 1.1590118 1.4910575 1.1590118 0 P 0
L 1.4566086 1.3991693 1.4940102 1.3991693 0 P 0
L 1.4566086 1.46413 1.4940102 1.46413 0 P 0
L 1.4649607 2.4438977 1.4649607 2.4812993 0 P 0
L 1.4675197 1.2125984 1.4675197 1.3444882 1 P 0
L 1.4723567 1.0708662 1.4723567 1.1082677 0 P 0
L 1.4723567 1.1403111 1.4723567 1.1777126 0 P 0
L 1.4724409 3.3238189 1.5098425 3.3238189 0 P 0
L 1.4753094 1.3804685 1.4753094 1.41787 0 P 0
L 1.4753094 1.4454292 1.4753094 1.4828307 0 P 0
L 1.4911417 3.3051181 1.4911417 3.3425196 0 P 0
L 1.5148032 3.0676773 1.5148032 3.2842127 0 P 0
L 1.5246064 2.4625985 1.5620079 2.4625985 0 P 0
L 1.5433071 2.4438977 1.5433071 2.4812993 0 P 0
L 1.5501969 2.0009844 1.5875985 2.0009844 0 P 0
L 1.550197 2.1781498 1.5895671 2.1781498 0 P 0
L 1.5688977 1.9822837 1.5688977 2.0196852 0 P 0
L 1.569882 2.1584648 1.569882 2.1978349 0 P 0
L 1.6269684 3.0944882 1.6269684 3.2362205 1 P 0
L 1.6269684 3.0944882 1.7844488 3.0944882 1 P 0
L 1.6269684 3.2362205 1.7844488 3.2362205 1 P 0
L 1.6732284 2.3651576 1.71063 2.3651576 0 P 0
L 1.6860236 3.1653543 1.7253936 3.1653543 0 P 0
L 1.6919292 2.3464568 1.6919292 2.3838583 0 P 0
L 1.7057086 3.1456693 1.7057086 3.1850394 0 P 0
L 1.7135827 1.8287401 1.7135827 2.1122047 1 P 0
L 1.7135827 1.8287401 2.0875985 1.8287401 1 P 0
L 1.7135827 2.1122047 2.0875985 2.1122047 1 P 0
L 1.7362205 4.0108268 1.7736221 4.0108268 0 P 0
L 1.7411419 2.0364175 1.7411419 2.3198821 1 P 0
L 1.7549213 3.9921261 1.7549213 4.0295276 0 P 0
L 1.7655513 2.5450789 1.8029529 2.5450789 0 P 0
L 1.7842521 2.5263781 1.7842521 2.5637796 0 P 0
L 1.7844488 3.0944882 1.7844488 3.2362205 1 P 0
L 1.8494094 0.4340551 1.886811 0.4340551 0 P 0
L 1.8681102 0.4153543 1.8681102 0.4527558 0 P 0
L 1.8809056 1.9704724 1.9202756 1.9704724 1 P 0
L 1.8862654 0.6391819 1.9236669 0.6391819 0 P 0
L 1.9005906 1.9507874 1.9005906 1.9901574 1 P 0
L 1.9049661 0.6204811 1.9049661 0.6578827 0 P 0
L 1.9441 0.2464654 1.9815015 0.2464654 0 P 0
L 1.951226 0.6391819 1.9886275 0.6391819 0 P 0
L 1.9591 0.0938167 1.9591 0.1509033 0 P 0
L 1.9591 0.0938167 2.0811473 0.0938167 0 P 0
L 1.9591 0.1509033 2.0811473 0.1509033 0 P 0
L 1.9628008 0.2277646 1.9628008 0.2651662 0 P 0
L 1.9699267 0.6204811 1.9699267 0.6578827 0 P 0
L 1.9744095 0.3218504 1.9744095 0.5639764 1 P 0
L 1.9744095 0.3218504 2.2165355 0.3218504 1 P 0
L 1.9744095 0.5639764 2.2165355 0.5639764 1 P 0
L 2.0014229 0.12236 2.0388244 0.12236 0 P 0
L 2.0100449 0.2464654 2.0474464 0.2464654 0 P 0
L 2.0161867 0.6391819 2.0535882 0.6391819 0 P 0
L 2.0201237 0.1036592 2.0201237 0.1410608 0 P 0
L 2.0279978 0.0623207 2.0673678 0.0623207 0 P 0
L 2.0287456 0.2277646 2.0287456 0.2651662 0 P 0
L 2.0348874 0.6204811 2.0348874 0.6578827 0 P 0
L 2.0476828 0.0426357 2.0476828 0.0820058 0 P 0
L 2.0734749 0.9232284 2.0734749 1.0610237 1 P 0
L 2.0734749 0.9232284 2.2376481 0.9232284 1 P 0
L 2.0734749 1.0610237 2.2376481 1.0610237 1 P 0
L 2.073819 2.3503937 2.1112205 2.3503937 0 P 0
L 2.0756749 0.2464654 2.1130764 0.2464654 0 P 0
L 2.0757874 0.4429134 2.1151575 0.4429134 0 P 0
L 2.0811473 0.0938167 2.0811473 0.1509033 0 P 0
L 2.0821316 0.6391819 2.1195331 0.6391819 0 P 0
L 2.0875985 1.8287401 2.0875985 2.1122047 1 P 0
L 2.0925197 2.3316929 2.0925197 2.3690945 0 P 0
L 2.0943757 0.2277646 2.0943757 0.2651662 0 P 0
L 2.0954725 0.4232284 2.0954725 0.4625985 0 P 0
L 2.1008323 0.6204811 2.1008323 0.6578827 0 P 0
L 2.1112989 0.0968401 2.1487004 0.0968401 0 P 0
L 2.117126 3.8553149 2.1545275 3.8553149 0 P 0
L 2.117126 4.0521654 2.1545275 4.0521654 0 P 0
L 2.1190944 4.4391733 2.156496 4.4391733 0 P 0
L 2.1299996 0.0781393 2.1299996 0.1155409 0 P 0
L 2.1358267 3.8366141 2.1358267 3.8740157 0 P 0
L 2.1358267 4.0334646 2.1358267 4.0708662 0 P 0
L 2.1358765 0.992126 2.1752466 0.992126 0 P 0
L 2.1377952 4.4204726 2.1377952 4.4578741 0 P 0
L 2.1480764 0.6391819 2.1854779 0.6391819 0 P 0
L 2.1555615 0.972441 2.1555615 1.0118111 0 P 0
L 2.1655934 0.2464654 2.2029949 0.2464654 0 P 0
L 2.1667771 0.6204811 2.1667771 0.6578827 0 P 0
L 2.1765745 0.0968401 2.213976 0.0968401 0 P 0
L 2.1842942 0.2277646 2.1842942 0.2651662 0 P 0
L 2.1860237 1.4498031 2.2234252 1.4498031 0 P 0
L 2.1952752 0.0781393 2.1952752 0.1155409 0 P 0
L 2.1988188 3.7942914 2.1988188 3.9202757 1 P 0
L 2.1988188 3.7942914 2.3208661 3.7942914 1 P 0
L 2.1988188 3.9202757 2.3208661 3.9202757 1 P 0
L 2.1988188 3.9872048 2.1988188 4.1131891 1 P 0
L 2.1988188 3.9872048 2.3208661 3.9872048 1 P 0
L 2.1988188 4.1131891 2.3208661 4.1131891 1 P 0
L 2.2037402 2.0487874 2.2037402 2.1708347 0 P 0
L 2.2037402 2.0487874 2.2608268 2.0487874 0 P 0
L 2.2037402 2.1708347 2.2608268 2.1708347 0 P 0
L 2.2037402 2.4043306 2.2037402 2.5263779 0 P 0
L 2.2037402 2.4043306 2.2608268 2.4043306 0 P 0
L 2.2037402 2.5263779 2.2608268 2.5263779 0 P 0
L 2.2047244 1.4311023 2.2047244 1.4685039 0 P 0
L 2.2086613 4.4755906 2.2086613 4.5326772 0 P 0
L 2.2086613 4.4755906 2.3307086 4.4755906 0 P 0
L 2.2086613 4.5326772 2.3307086 4.5326772 0 P 0
L 2.2135827 2.109811 2.2509843 2.109811 0 P 0
L 2.2135827 2.4653542 2.2509843 2.4653542 0 P 0
L 2.2150055 0.6391819 2.252407 0.6391819 0 P 0
L 2.2165355 0.3218504 2.2165355 0.5639764 1 P 0
L 2.2322835 2.0911103 2.2322835 2.1285118 0 P 0
L 2.2322835 2.4466535 2.2322835 2.484055 0 P 0
L 2.2337063 0.6204811 2.2337063 0.6578827 0 P 0
L 2.2376481 0.9232284 2.2376481 1.0610237 1 P 0
L 2.2401574 3.8572835 2.2795275 3.8572835 0 P 0
L 2.2401574 4.0501969 2.2795275 4.0501969 0 P 0
L 2.2415803 0.2464654 2.2789818 0.2464654 0 P 0
L 2.2509842 4.4391734 2.2883858 4.4391734 0 P 0
L 2.2509842 4.5041339 2.2883857 4.5041339 0 P 0
L 2.2539867 0.9616142 2.2913882 0.9616142 0 P 0
L 2.2579428 0.3734106 2.2953443 0.3734106 0 P 0
L 2.2598425 3.8375985 2.2598425 3.8769686 0 P 0
L 2.2598425 4.0305119 2.2598425 4.069882 0 P 0
L 2.260281 0.2277646 2.260281 0.2651662 0 P 0
L 2.2608268 2.0487874 2.2608268 2.1708347 0 P 0
L 2.2608268 2.4043306 2.2608268 2.5263779 0 P 0
L 2.269685 4.4204727 2.269685 4.4578742 0 P 0
L 2.269685 4.4854331 2.269685 4.5228347 0 P 0
L 2.2726874 0.9429134 2.2726874 0.980315 0 P 0
L 2.2766435 0.3547098 2.2766435 0.3921114 0 P 0
L 2.2809504 0.6391819 2.3183519 0.6391819 0 P 0
L 2.2996512 0.6204811 2.2996512 0.6578827 0 P 0
L 2.3208661 3.7942914 2.3208661 3.9202757 1 P 0
L 2.3208661 3.9872048 2.3208661 4.1131891 1 P 0
L 2.3228387 0.3730276 2.3602402 0.3730276 0 P 0
L 2.3307086 4.4755906 2.3307086 4.5326772 0 P 0
L 2.3415394 0.3543268 2.3415394 0.3917284 0 P 0
L 2.3543308 4.4716537 2.3917323 4.4716537 0 P 0
L 2.3592518 4.0196851 2.3966533 4.0196851 0 P 0
L 2.3612204 3.8877953 2.3986219 3.8877953 0 P 0
L 2.3612205 0.8877953 2.398622 0.8877953 0 P 0
L 2.3612205 1.1496063 2.398622 1.1496063 0 P 0
L 2.3651576 3.234252 2.4025591 3.234252 0 P 0
L 2.3730315 4.4529529 2.3730315 4.4903545 0 P 0
L 2.3779526 4.0009843 2.3779526 4.0383859 0 P 0
L 2.3799211 3.8690945 2.3799211 3.9064961 0 P 0
L 2.3799212 0.8690945 2.3799212 0.9064961 0 P 0
L 2.3799213 1.1309055 2.3799213 1.1683071 0 P 0
L 2.3838583 3.2155512 2.3838583 3.2529528 0 P 0
L 2.4141732 4.4124016 2.4141732 4.5482284 1 P 0
L 2.4141732 4.4124016 2.5818897 4.4124016 1 P 0
L 2.4141732 4.5482284 2.5818897 4.5482284 1 P 0
L 2.4773622 4.2944883 2.5147638 4.2944883 0 P 0
L 2.4777676 4.3641522 2.5151692 4.3641522 0 P 0
L 2.496063 4.2757876 2.496063 4.3131891 0 P 0
L 2.4964684 4.3454514 2.4964684 4.3828529 0 P 0
L 2.4965015 0.6047331 2.5339031 0.6047331 0 P 0
L 2.5152023 0.5860324 2.5152023 0.6234339 0 P 0
L 2.5818897 4.4124016 2.5818897 4.5482284 1 P 0
