#Layer_Color=9474304
#
#Feature symbol names
#
$0 r5

#
#Feature attribute names
#

#
#Layer features
#
L 0.3287401 0.1259843 0.4271653 0.1259843 0 P 0
L 0.3779527 0.0767717 0.3779527 0.1751969 0 P 0
L 0.613688 1.0127082 0.625499 1.0127082 0 P 0
L 0.6195935 1.0068027 0.6195935 1.0186137 0 P 0
L 0.7590745 0.3079153 0.7708855 0.3079153 0 P 0
L 0.7624353 0.4784653 0.7742463 0.4784653 0 P 0
L 0.76498 0.3020098 0.76498 0.3138208 0 P 0
L 0.7683408 0.4725598 0.7683408 0.4843708 0 P 0
L 0.8728347 0.407874 0.8846457 0.407874 0 P 0
L 0.8780392 2.534244 0.8977242 2.534244 0 P 0
L 0.8780392 2.633496 0.8977242 2.633496 0 P 0
L 0.8781967 1.3830236 0.8978817 1.3830236 0 P 0
L 0.8787402 0.4019685 0.8787402 0.4137795 0 P 0
L 0.8878817 2.5244015 0.8878817 2.5440865 0 P 0
L 0.8878817 2.6236535 0.8878817 2.6433385 0 P 0
L 0.8880392 1.3731811 0.8880392 1.3928661 0 P 0
L 0.9062992 0.5279528 0.9181102 0.5279528 0 P 0
L 0.909408 0.9495074 0.921219 0.9495074 0 P 0
L 0.9122047 0.5220473 0.9122047 0.5338583 0 P 0
L 0.9153135 0.9436019 0.9153135 0.9554129 0 P 0
L 0.9326769 0.7796743 0.9444879 0.7796743 0 P 0
L 0.9351258 1.3342834 0.9548108 1.3342834 0 P 0
L 0.9351258 1.4815669 0.9548108 1.4815669 0 P 0
L 0.9385824 0.7737688 0.9385824 0.7855798 0 P 0
L 0.9397635 1.1003935 0.9515745 1.1003935 0 P 0
L 0.9449683 1.3244409 0.9449683 1.3441259 0 P 0
L 0.9449683 1.4717244 0.9449683 1.4914094 0 P 0
L 0.945669 1.094488 0.945669 1.106299 0 P 0
L 0.9662436 0.949465 0.9780546 0.949465 0 P 0
L 0.9721491 0.9435595 0.9721491 0.9553705 0 P 0
L 0.9730316 0.3496063 0.9860236 0.3496063 0 P 0
L 0.9730316 0.3968504 0.9860236 0.3968504 0 P 0
L 0.9730316 0.4440945 0.9860236 0.4440945 0 P 0
L 0.9795276 0.3431103 0.9795276 0.3561023 0 P 0
L 0.9795276 0.3903544 0.9795276 0.4033464 0 P 0
L 0.9795276 0.4375985 0.9795276 0.4505905 0 P 0
L 0.9909449 0.5370079 1.0027559 0.5370079 0 P 0
L 0.9918581 2.4853858 1.0115431 2.4853858 0 P 0
L 0.9918581 2.5846377 1.0115431 2.5846377 0 P 0
L 0.9920156 1.4318818 1.0117006 1.4318818 0 P 0
L 0.9968504 0.5311024 0.9968504 0.5429134 0 P 0
L 1.0017006 2.4755433 1.0017006 2.4952283 0 P 0
L 1.0017006 2.5747952 1.0017006 2.5944802 0 P 0
L 1.0018581 1.4220393 1.0018581 1.4417243 0 P 0
L 1.0202757 0.3496063 1.0332677 0.3496063 0 P 0
L 1.0202757 0.3968504 1.0332677 0.3968504 0 P 0
L 1.0202757 0.4440945 1.0332677 0.4440945 0 P 0
L 1.0267717 0.3431103 1.0267717 0.3561023 0 P 0
L 1.0267717 0.3903544 1.0267717 0.4033464 0 P 0
L 1.0267717 0.4375985 1.0267717 0.4505905 0 P 0
L 1.0283465 0.2200787 1.0401575 0.2200787 0 P 0
L 1.034252 0.2141732 1.034252 0.2259842 0 P 0
L 1.0675198 0.3496063 1.0805118 0.3496063 0 P 0
L 1.0675198 0.3968504 1.0805118 0.3968504 0 P 0
L 1.0675198 0.4440945 1.0805118 0.4440945 0 P 0
L 1.0740158 0.3431103 1.0740158 0.3561023 0 P 0
L 1.0740158 0.3903544 1.0740158 0.4033464 0 P 0
L 1.0740158 0.4375985 1.0740158 0.4505905 0 P 0
L 1.1000001 0.1500001 1.1118111 0.1500001 0 P 0
L 1.1059056 0.1440946 1.1059056 0.1559056 0 P 0
L 1.1405511 0.6677166 1.1523621 0.6677166 0 P 0
L 1.1464566 0.6618111 1.1464566 0.6736221 0 P 0
L 1.1464567 0.5 1.1582677 0.5 0 P 0
L 1.1523622 0.4940945 1.1523622 0.5059055 0 P 0
L 1.25 0.1688976 1.261811 0.1688976 0 P 0
L 1.2559055 0.1629921 1.2559055 0.1748031 0 P 0
L 1.2629921 0.4677165 1.2748031 0.4677165 0 P 0
L 1.2688976 0.461811 1.2688976 0.473622 0 P 0
L 1.2952756 0.6255905 1.3070866 0.6255905 0 P 0
L 1.3011811 0.619685 1.3011811 0.631496 0 P 0
L 1.3071916 1.0642706 1.3190026 1.0642706 0 P 0
L 1.3130971 1.0583651 1.3130971 1.0701761 0 P 0
L 1.3555118 0.5456693 1.3673228 0.5456693 0 P 0
L 1.3614173 0.5397638 1.3614173 0.5515748 0 P 0
L 1.3988189 0.4744094 1.4106299 0.4744094 0 P 0
L 1.4047244 0.4685039 1.4047244 0.4803149 0 P 0
L 1.4082677 0.3110236 1.4200787 0.3110236 0 P 0
L 1.4098425 0.4311024 1.4216535 0.4311024 0 P 0
L 1.4141732 0.3051181 1.4141732 0.3169291 0 P 0
L 1.415748 0.4251969 1.415748 0.4370079 0 P 0
L 1.4625984 0.1259843 1.5610236 0.1259843 0 P 0
L 1.511811 0.0767717 1.511811 0.1751969 0 P 0
L 1.6976378 0.6074803 1.7094488 0.6074803 0 P 0
L 1.7035433 0.6015748 1.7035433 0.6133858 0 P 0
L 1.7933071 0.0740157 1.8287401 0.0740157 0 P 0
L 1.7933071 0.1740157 1.8287401 0.1740157 0 P 0
L 1.7933071 0.2740157 1.8287401 0.2740157 0 P 0
L 1.7933071 0.3740157 1.8287401 0.3740157 0 P 0
L 1.8110236 0.0562992 1.8110236 0.0917322 0 P 0
L 1.8110236 0.1562992 1.8110236 0.1917322 0 P 0
L 1.8110236 0.2562992 1.8110236 0.2917322 0 P 0
L 1.8110236 0.3562992 1.8110236 0.3917322 0 P 0
