#Layer_Color=32768
#
#Feature symbol names
#
$0 r8

#
#Feature attribute names
#

#
#Layer features
#
A 0.7597559 4.4936297 0.7777559 4.4756297 0.7777559 4.4936297 0 P 0 N
A 0.7777559 4.5556297 0.7597559 4.5376297 0.7777559 4.5376297 0 P 0 N
A 0.7853465 1.2831181 0.8033465 1.2651181 0.8033465 1.2831181 0 P 0 N
A 0.8033465 1.3451181 0.7853465 1.3271181 0.8033465 1.3271181 0 P 0 N
A 0.8145197 1.141743 0.8325197 1.123743 0.8325197 1.141743 0 P 0 N
A 0.8325197 1.203743 0.8145197 1.185743 0.8325197 1.185743 0 P 0 N
A 0.8377559 4.4756297 0.8557559 4.4936297 0.8377559 4.4936297 0 P 0 N
A 0.8557559 4.5376297 0.8377559 4.5556297 0.8377559 4.5376297 0 P 0 N
A 0.8925197 1.123743 0.9105197 1.141743 0.8925197 1.141743 0 P 0 N
A 0.9033465 1.2651181 0.9213465 1.2831181 0.9033465 1.2831181 0 P 0 N
A 0.9105197 1.185743 0.8925197 1.203743 0.8925197 1.185743 0 P 0 N
A 0.9213465 1.3271181 0.9033465 1.3451181 0.9033465 1.3271181 0 P 0 N
A 1.5182598 0.9681575 1.5362598 0.9501575 1.5362598 0.9681575 0 P 0 N
A 1.5362598 1.0301575 1.5182598 1.0121575 1.5362598 1.0121575 0 P 0 N
A 1.5962598 0.9501575 1.6142598 0.9681575 1.5962598 0.9681575 0 P 0 N
A 1.6142598 1.0121575 1.5962598 1.0301575 1.5962598 1.0121575 0 P 0 N
A 1.9260945 4.4159921 1.9440945 4.3979921 1.9440945 4.4159921 0 P 0 N
A 1.9440945 4.4779921 1.9260945 4.4599921 1.9440945 4.4599921 0 P 0 N
A 2.0040945 4.3979921 2.0220945 4.4159921 2.0040945 4.4159921 0 P 0 N
A 2.0220945 4.4599921 2.0040945 4.4779921 2.0040945 4.4599921 0 P 0 N
L 0.7597559 4.4936297 0.7597559 4.5376297 0 P 0
L 0.7777559 4.4756297 0.8477559 4.4756297 0 P 0
L 0.7777559 4.5556297 0.8477559 4.5556297 0 P 0
L 0.7853465 1.2831181 0.7853465 1.3271181 0 P 0
L 0.8033465 1.2651181 0.9033465 1.2651181 0 P 0
L 0.8033465 1.3451181 0.9033465 1.3451181 0 P 0
L 0.8145197 1.141743 0.8145197 1.185743 0 P 0
L 0.8225197 1.123743 0.8925197 1.123743 0 P 0
L 0.8225197 1.203743 0.8925197 1.203743 0 P 0
L 0.8557559 4.4936297 0.8557559 4.5376297 0 P 0
L 0.9105197 1.141743 0.9105197 1.185743 0 P 0
L 0.9213465 1.2831181 0.9213465 1.3271181 0 P 0
L 1.5182598 0.9681575 1.5182598 1.0121575 0 P 0
L 1.5262598 0.9501575 1.5962598 0.9501575 0 P 0
L 1.5262598 1.0301575 1.5962598 1.0301575 0 P 0
L 1.6142598 0.9681575 1.6142598 1.0121575 0 P 0
L 1.9260945 4.4159921 1.9260945 4.4599921 0 P 0
L 1.9440945 4.3979921 2.0140945 4.3979921 0 P 0
L 1.9440945 4.4779921 2.0140945 4.4779921 0 P 0
L 2.0220945 4.4159921 2.0220945 4.4599921 0 P 0
